0;Gaol Walk;-8.494174;51.893604;13-07-2017 06:03:00;24;0
0;Fitzgerald's Park;-8.49341266;51.89555327;13-07-2017 06:03:00;8;4
0;Bandfield;-8.4891363;51.89580557;13-07-2017 06:03:00;14;18
0;Dyke Parade;-8.48458467;51.89718531;13-07-2017 06:03:00;8;3
0;Mercy Hospital;-8.48225676;51.89911495;13-07-2017 06:03:00;6;7
0;St. Fin Barre's Bridge;-8.48196155;51.89710212;13-07-2017 06:03:00;15;5
0;Pope's Quay;-8.477385;51.901632;13-07-2017 06:03:00;10;8
0;North Main St.;-8.47844005;51.89974733;13-07-2017 06:03:00;2;13
0;Grattan St.;-8.47977966;51.8984737;13-07-2017 06:03:00;3;6
0;Wandesford Quay;-8.48004;51.896492;13-07-2017 06:03:00;9;12
0;Bishop St.;-8.4790268;51.89468826;13-07-2017 06:03:00;6;8
0;Camden Quay;-8.473342;51.901054;13-07-2017 06:03:00;10;10
0;Corn Market St.;-8.477;51.9;13-07-2017 06:03:00;13;9
0;Lapp's Quay;-8.465735;51.898144;13-07-2017 06:03:00;8;20
0;St. Patricks St.;-8.47261531;51.89850471;13-07-2017 06:03:00;10;9
0;South Main St.;-8.47689553164735;51.89694605306899;13-07-2017 06:03:00;5;5
0;Grand Parade;-8.47536977381303;51.89748023175811;13-07-2017 06:03:00;3;13
0;Peace Park;-8.47347588279142;51.89619469926869;13-07-2017 06:03:00;7;11
0;South Gate Bridge;-8.47586514429047;51.89549439125871;13-07-2017 06:03:00;2;10
0;Coburg St.;-8.47056736;51.90155283;13-07-2017 06:03:00;9;19
0;Emmet Place;-8.47270466388061;51.90020812214529;13-07-2017 06:03:00;8;12
0;South Mall;-8.46989982762231;51.89683855516081;13-07-2017 06:03:00;9;19
0;College of Commerce;-8.469797;51.8953;13-07-2017 06:03:00;11;10
0;Father Mathew Statue;-8.4706278;51.89967344;13-07-2017 06:03:00;7;8
0;Cork School of Music;-8.46809252166047;51.89631707505499;13-07-2017 06:03:00;6;9
1;Brian Boru Bridge;-8.465153;51.900405;13-07-2017 06:03:00;0;0
0;Bus Station;-8.46695074;51.89951532;13-07-2017 06:03:00;9;11
0;Cork City Hall;-8.466;51.897;13-07-2017 06:03:00;6;7
0;Lower Glanmire Rd.;-8.46411816;51.90137057;13-07-2017 06:03:00;14;6
0;Clontarf Street;-8.46562933177544;51.89848186918711;13-07-2017 06:03:00;3;6
0;Kent Station;-8.45821512;51.90196195;13-07-2017 06:03:00;16;13
0;Gaol Walk;-8.494174;51.893604;13-07-2017 06:08:00;24;0
0;Fitzgerald's Park;-8.49341266;51.89555327;13-07-2017 06:08:00;8;4
0;Bandfield;-8.4891363;51.89580557;13-07-2017 06:08:00;14;18
0;Dyke Parade;-8.48458467;51.89718531;13-07-2017 06:08:00;8;3
0;Mercy Hospital;-8.48225676;51.89911495;13-07-2017 06:08:00;6;7
0;St. Fin Barre's Bridge;-8.48196155;51.89710212;13-07-2017 06:08:00;15;5
0;Pope's Quay;-8.477385;51.901632;13-07-2017 06:08:00;10;8
0;North Main St.;-8.47844005;51.89974733;13-07-2017 06:08:00;2;13
0;Grattan St.;-8.47977966;51.8984737;13-07-2017 06:08:00;3;6
0;Wandesford Quay;-8.48004;51.896492;13-07-2017 06:08:00;9;12
0;Bishop St.;-8.4790268;51.89468826;13-07-2017 06:08:00;6;8
0;Camden Quay;-8.473342;51.901054;13-07-2017 06:08:00;10;10
0;Corn Market St.;-8.477;51.9;13-07-2017 06:08:00;13;9
0;Lapp's Quay;-8.465735;51.898144;13-07-2017 06:08:00;8;20
0;St. Patricks St.;-8.47261531;51.89850471;13-07-2017 06:08:00;10;9
0;South Main St.;-8.47689553164735;51.89694605306899;13-07-2017 06:08:00;5;5
0;Grand Parade;-8.47536977381303;51.89748023175811;13-07-2017 06:08:00;3;13
0;Peace Park;-8.47347588279142;51.89619469926869;13-07-2017 06:08:00;7;11
0;South Gate Bridge;-8.47586514429047;51.89549439125871;13-07-2017 06:08:00;2;10
0;Coburg St.;-8.47056736;51.90155283;13-07-2017 06:08:00;9;19
0;Emmet Place;-8.47270466388061;51.90020812214529;13-07-2017 06:08:00;8;12
0;South Mall;-8.46989982762231;51.89683855516081;13-07-2017 06:08:00;9;19
0;College of Commerce;-8.469797;51.8953;13-07-2017 06:08:00;11;10
0;Father Mathew Statue;-8.4706278;51.89967344;13-07-2017 06:08:00;7;8
0;Cork School of Music;-8.46809252166047;51.89631707505499;13-07-2017 06:08:00;6;9
1;Brian Boru Bridge;-8.465153;51.900405;13-07-2017 06:08:00;0;0
0;Bus Station;-8.46695074;51.89951532;13-07-2017 06:08:00;9;11
0;Cork City Hall;-8.466;51.897;13-07-2017 06:08:00;7;6
0;Lower Glanmire Rd.;-8.46411816;51.90137057;13-07-2017 06:08:00;14;6
0;Clontarf Street;-8.46562933177544;51.89848186918711;13-07-2017 06:08:00;3;6
0;Kent Station;-8.45821512;51.90196195;13-07-2017 06:08:00;16;13
0;Gaol Walk;-8.494174;51.893604;13-07-2017 06:13:00;24;0
0;Fitzgerald's Park;-8.49341266;51.89555327;13-07-2017 06:13:00;8;4
0;Bandfield;-8.4891363;51.89580557;13-07-2017 06:13:00;14;18
0;Dyke Parade;-8.48458467;51.89718531;13-07-2017 06:13:00;8;3
0;Mercy Hospital;-8.48225676;51.89911495;13-07-2017 06:13:00;6;7
0;St. Fin Barre's Bridge;-8.48196155;51.89710212;13-07-2017 06:13:00;15;5
0;Pope's Quay;-8.477385;51.901632;13-07-2017 06:13:00;10;8
0;North Main St.;-8.47844005;51.89974733;13-07-2017 06:13:00;2;13
0;Grattan St.;-8.47977966;51.8984737;13-07-2017 06:13:00;3;6
0;Wandesford Quay;-8.48004;51.896492;13-07-2017 06:13:00;9;12
0;Bishop St.;-8.4790268;51.89468826;13-07-2017 06:13:00;6;8
0;Camden Quay;-8.473342;51.901054;13-07-2017 06:13:00;10;10
0;Corn Market St.;-8.477;51.9;13-07-2017 06:13:00;13;9
0;Lapp's Quay;-8.465735;51.898144;13-07-2017 06:13:00;8;20
0;St. Patricks St.;-8.47261531;51.89850471;13-07-2017 06:13:00;10;9
0;South Main St.;-8.47689553164735;51.89694605306899;13-07-2017 06:13:00;5;5
0;Grand Parade;-8.47536977381303;51.89748023175811;13-07-2017 06:13:00;3;13
0;Peace Park;-8.47347588279142;51.89619469926869;13-07-2017 06:13:00;7;11
0;South Gate Bridge;-8.47586514429047;51.89549439125871;13-07-2017 06:13:00;1;11
0;Coburg St.;-8.47056736;51.90155283;13-07-2017 06:13:00;9;19
0;Emmet Place;-8.47270466388061;51.90020812214529;13-07-2017 06:13:00;8;12
0;South Mall;-8.46989982762231;51.89683855516081;13-07-2017 06:13:00;9;19
0;College of Commerce;-8.469797;51.8953;13-07-2017 06:13:00;11;10
0;Father Mathew Statue;-8.4706278;51.89967344;13-07-2017 06:13:00;7;8
0;Cork School of Music;-8.46809252166047;51.89631707505499;13-07-2017 06:13:00;6;9
1;Brian Boru Bridge;-8.465153;51.900405;13-07-2017 06:13:00;0;0
0;Bus Station;-8.46695074;51.89951532;13-07-2017 06:13:00;9;11
0;Cork City Hall;-8.466;51.897;13-07-2017 06:13:00;7;6
0;Lower Glanmire Rd.;-8.46411816;51.90137057;13-07-2017 06:13:00;14;6
0;Clontarf Street;-8.46562933177544;51.89848186918711;13-07-2017 06:13:00;3;6
0;Kent Station;-8.45821512;51.90196195;13-07-2017 06:13:00;16;13
0;Gaol Walk;-8.494174;51.893604;13-07-2017 06:18:00;24;0
0;Fitzgerald's Park;-8.49341266;51.89555327;13-07-2017 06:18:00;8;4
0;Bandfield;-8.4891363;51.89580557;13-07-2017 06:18:00;14;18
0;Dyke Parade;-8.48458467;51.89718531;13-07-2017 06:18:00;8;3
0;Mercy Hospital;-8.48225676;51.89911495;13-07-2017 06:18:00;6;7
0;St. Fin Barre's Bridge;-8.48196155;51.89710212;13-07-2017 06:18:00;15;5
0;Pope's Quay;-8.477385;51.901632;13-07-2017 06:18:00;10;8
0;North Main St.;-8.47844005;51.89974733;13-07-2017 06:18:00;2;13
0;Grattan St.;-8.47977966;51.8984737;13-07-2017 06:18:00;3;6
0;Wandesford Quay;-8.48004;51.896492;13-07-2017 06:18:00;9;12
0;Bishop St.;-8.4790268;51.89468826;13-07-2017 06:18:00;6;8
0;Camden Quay;-8.473342;51.901054;13-07-2017 06:18:00;10;10
0;Corn Market St.;-8.477;51.9;13-07-2017 06:18:00;13;9
0;Lapp's Quay;-8.465735;51.898144;13-07-2017 06:18:00;8;20
0;St. Patricks St.;-8.47261531;51.89850471;13-07-2017 06:18:00;10;9
0;South Main St.;-8.47689553164735;51.89694605306899;13-07-2017 06:18:00;5;5
0;Grand Parade;-8.47536977381303;51.89748023175811;13-07-2017 06:18:00;3;13
0;Peace Park;-8.47347588279142;51.89619469926869;13-07-2017 06:18:00;7;11
0;South Gate Bridge;-8.47586514429047;51.89549439125871;13-07-2017 06:18:00;1;11
0;Coburg St.;-8.47056736;51.90155283;13-07-2017 06:18:00;9;19
0;Emmet Place;-8.47270466388061;51.90020812214529;13-07-2017 06:18:00;8;12
0;South Mall;-8.46989982762231;51.89683855516081;13-07-2017 06:18:00;9;19
0;College of Commerce;-8.469797;51.8953;13-07-2017 06:18:00;11;10
0;Father Mathew Statue;-8.4706278;51.89967344;13-07-2017 06:18:00;7;8
0;Cork School of Music;-8.46809252166047;51.89631707505499;13-07-2017 06:18:00;6;9
1;Brian Boru Bridge;-8.465153;51.900405;13-07-2017 06:18:00;0;0
0;Bus Station;-8.46695074;51.89951532;13-07-2017 06:18:00;9;11
0;Cork City Hall;-8.466;51.897;13-07-2017 06:18:00;7;6
0;Lower Glanmire Rd.;-8.46411816;51.90137057;13-07-2017 06:18:00;15;5
0;Clontarf Street;-8.46562933177544;51.89848186918711;13-07-2017 06:18:00;3;6
0;Kent Station;-8.45821512;51.90196195;13-07-2017 06:18:00;16;13
0;Gaol Walk;-8.494174;51.893604;13-07-2017 06:23:00;24;0
0;Fitzgerald's Park;-8.49341266;51.89555327;13-07-2017 06:23:00;8;4
0;Bandfield;-8.4891363;51.89580557;13-07-2017 06:23:00;14;18
0;Dyke Parade;-8.48458467;51.89718531;13-07-2017 06:23:00;8;3
0;Mercy Hospital;-8.48225676;51.89911495;13-07-2017 06:23:00;6;7
0;St. Fin Barre's Bridge;-8.48196155;51.89710212;13-07-2017 06:23:00;15;5
0;Pope's Quay;-8.477385;51.901632;13-07-2017 06:23:00;10;8
0;North Main St.;-8.47844005;51.89974733;13-07-2017 06:23:00;8;7
0;Grattan St.;-8.47977966;51.8984737;13-07-2017 06:23:00;3;6
0;Wandesford Quay;-8.48004;51.896492;13-07-2017 06:23:00;9;12
0;Bishop St.;-8.4790268;51.89468826;13-07-2017 06:23:00;6;8
0;Camden Quay;-8.473342;51.901054;13-07-2017 06:23:00;10;10
0;Corn Market St.;-8.477;51.9;13-07-2017 06:23:00;13;9
0;Lapp's Quay;-8.465735;51.898144;13-07-2017 06:23:00;8;20
0;St. Patricks St.;-8.47261531;51.89850471;13-07-2017 06:23:00;10;9
0;South Main St.;-8.47689553164735;51.89694605306899;13-07-2017 06:23:00;5;5
0;Grand Parade;-8.47536977381303;51.89748023175811;13-07-2017 06:23:00;2;14
0;Peace Park;-8.47347588279142;51.89619469926869;13-07-2017 06:23:00;7;11
0;South Gate Bridge;-8.47586514429047;51.89549439125871;13-07-2017 06:23:00;0;12
0;Coburg St.;-8.47056736;51.90155283;13-07-2017 06:23:00;9;19
0;Emmet Place;-8.47270466388061;51.90020812214529;13-07-2017 06:23:00;8;12
0;South Mall;-8.46989982762231;51.89683855516081;13-07-2017 06:23:00;9;19
0;College of Commerce;-8.469797;51.8953;13-07-2017 06:23:00;11;10
0;Father Mathew Statue;-8.4706278;51.89967344;13-07-2017 06:23:00;7;8
0;Cork School of Music;-8.46809252166047;51.89631707505499;13-07-2017 06:23:00;6;9
1;Brian Boru Bridge;-8.465153;51.900405;13-07-2017 06:23:00;0;0
0;Bus Station;-8.46695074;51.89951532;13-07-2017 06:23:00;9;11
0;Cork City Hall;-8.466;51.897;13-07-2017 06:23:00;7;6
0;Lower Glanmire Rd.;-8.46411816;51.90137057;13-07-2017 06:23:00;15;5
0;Clontarf Street;-8.46562933177544;51.89848186918711;13-07-2017 06:23:00;3;6
0;Kent Station;-8.45821512;51.90196195;13-07-2017 06:23:00;16;13
0;Gaol Walk;-8.494174;51.893604;13-07-2017 06:28:00;24;0
0;Fitzgerald's Park;-8.49341266;51.89555327;13-07-2017 06:28:00;8;4
0;Bandfield;-8.4891363;51.89580557;13-07-2017 06:28:00;14;18
0;Dyke Parade;-8.48458467;51.89718531;13-07-2017 06:28:00;8;3
0;Mercy Hospital;-8.48225676;51.89911495;13-07-2017 06:28:00;6;7
0;St. Fin Barre's Bridge;-8.48196155;51.89710212;13-07-2017 06:28:00;15;5
0;Pope's Quay;-8.477385;51.901632;13-07-2017 06:28:00;9;9
0;North Main St.;-8.47844005;51.89974733;13-07-2017 06:28:00;8;7
0;Grattan St.;-8.47977966;51.8984737;13-07-2017 06:28:00;3;6
0;Wandesford Quay;-8.48004;51.896492;13-07-2017 06:28:00;9;12
0;Bishop St.;-8.4790268;51.89468826;13-07-2017 06:28:00;6;8
0;Camden Quay;-8.473342;51.901054;13-07-2017 06:28:00;10;10
0;Corn Market St.;-8.477;51.9;13-07-2017 06:28:00;13;9
0;Lapp's Quay;-8.465735;51.898144;13-07-2017 06:28:00;8;20
0;St. Patricks St.;-8.47261531;51.89850471;13-07-2017 06:28:00;10;9
0;South Main St.;-8.47689553164735;51.89694605306899;13-07-2017 06:28:00;3;7
0;Grand Parade;-8.47536977381303;51.89748023175811;13-07-2017 06:28:00;2;14
0;Peace Park;-8.47347588279142;51.89619469926869;13-07-2017 06:28:00;7;11
0;South Gate Bridge;-8.47586514429047;51.89549439125871;13-07-2017 06:28:00;6;6
0;Coburg St.;-8.47056736;51.90155283;13-07-2017 06:28:00;8;20
0;Emmet Place;-8.47270466388061;51.90020812214529;13-07-2017 06:28:00;10;10
0;South Mall;-8.46989982762231;51.89683855516081;13-07-2017 06:28:00;9;19
0;College of Commerce;-8.469797;51.8953;13-07-2017 06:28:00;11;10
0;Father Mathew Statue;-8.4706278;51.89967344;13-07-2017 06:28:00;7;8
0;Cork School of Music;-8.46809252166047;51.89631707505499;13-07-2017 06:28:00;6;9
1;Brian Boru Bridge;-8.465153;51.900405;13-07-2017 06:28:00;0;0
0;Bus Station;-8.46695074;51.89951532;13-07-2017 06:28:00;9;11
0;Cork City Hall;-8.466;51.897;13-07-2017 06:28:00;7;6
0;Lower Glanmire Rd.;-8.46411816;51.90137057;13-07-2017 06:28:00;15;5
0;Clontarf Street;-8.46562933177544;51.89848186918711;13-07-2017 06:28:00;3;6
0;Kent Station;-8.45821512;51.90196195;13-07-2017 06:28:00;16;13
0;Gaol Walk;-8.494174;51.893604;13-07-2017 06:33:00;24;0
0;Fitzgerald's Park;-8.49341266;51.89555327;13-07-2017 06:33:00;7;5
0;Bandfield;-8.4891363;51.89580557;13-07-2017 06:33:00;14;18
0;Dyke Parade;-8.48458467;51.89718531;13-07-2017 06:33:00;8;3
0;Mercy Hospital;-8.48225676;51.89911495;13-07-2017 06:33:00;6;7
0;St. Fin Barre's Bridge;-8.48196155;51.89710212;13-07-2017 06:33:00;15;5
0;Pope's Quay;-8.477385;51.901632;13-07-2017 06:33:00;9;9
0;North Main St.;-8.47844005;51.89974733;13-07-2017 06:33:00;8;7
0;Grattan St.;-8.47977966;51.8984737;13-07-2017 06:33:00;3;6
0;Wandesford Quay;-8.48004;51.896492;13-07-2017 06:33:00;9;12
0;Bishop St.;-8.4790268;51.89468826;13-07-2017 06:33:00;6;8
0;Camden Quay;-8.473342;51.901054;13-07-2017 06:33:00;10;10
0;Corn Market St.;-8.477;51.9;13-07-2017 06:33:00;13;9
0;Lapp's Quay;-8.465735;51.898144;13-07-2017 06:33:00;8;20
0;St. Patricks St.;-8.47261531;51.89850471;13-07-2017 06:33:00;10;9
0;South Main St.;-8.47689553164735;51.89694605306899;13-07-2017 06:33:00;3;7
0;Grand Parade;-8.47536977381303;51.89748023175811;13-07-2017 06:33:00;2;14
0;Peace Park;-8.47347588279142;51.89619469926869;13-07-2017 06:33:00;7;11
0;South Gate Bridge;-8.47586514429047;51.89549439125871;13-07-2017 06:33:00;9;3
0;Coburg St.;-8.47056736;51.90155283;13-07-2017 06:33:00;8;20
0;Emmet Place;-8.47270466388061;51.90020812214529;13-07-2017 06:33:00;10;10
0;South Mall;-8.46989982762231;51.89683855516081;13-07-2017 06:33:00;9;19
0;College of Commerce;-8.469797;51.8953;13-07-2017 06:33:00;11;10
0;Father Mathew Statue;-8.4706278;51.89967344;13-07-2017 06:33:00;7;8
0;Cork School of Music;-8.46809252166047;51.89631707505499;13-07-2017 06:33:00;6;9
1;Brian Boru Bridge;-8.465153;51.900405;13-07-2017 06:33:00;0;0
0;Bus Station;-8.46695074;51.89951532;13-07-2017 06:33:00;9;11
0;Cork City Hall;-8.466;51.897;13-07-2017 06:33:00;7;6
0;Lower Glanmire Rd.;-8.46411816;51.90137057;13-07-2017 06:33:00;15;5
0;Clontarf Street;-8.46562933177544;51.89848186918711;13-07-2017 06:33:00;4;5
0;Kent Station;-8.45821512;51.90196195;13-07-2017 06:33:00;16;13
0;Gaol Walk;-8.494174;51.893604;13-07-2017 06:38:00;8;16
0;Fitzgerald's Park;-8.49341266;51.89555327;13-07-2017 06:38:00;7;5
0;Bandfield;-8.4891363;51.89580557;13-07-2017 06:38:00;14;18
0;Dyke Parade;-8.48458467;51.89718531;13-07-2017 06:38:00;8;3
0;Mercy Hospital;-8.48225676;51.89911495;13-07-2017 06:38:00;6;7
0;St. Fin Barre's Bridge;-8.48196155;51.89710212;13-07-2017 06:38:00;15;5
0;Pope's Quay;-8.477385;51.901632;13-07-2017 06:38:00;9;9
0;North Main St.;-8.47844005;51.89974733;13-07-2017 06:38:00;8;7
0;Grattan St.;-8.47977966;51.8984737;13-07-2017 06:38:00;3;6
0;Wandesford Quay;-8.48004;51.896492;13-07-2017 06:38:00;9;12
0;Bishop St.;-8.4790268;51.89468826;13-07-2017 06:38:00;6;8
0;Camden Quay;-8.473342;51.901054;13-07-2017 06:38:00;10;10
0;Corn Market St.;-8.477;51.9;13-07-2017 06:38:00;13;9
0;Lapp's Quay;-8.465735;51.898144;13-07-2017 06:38:00;8;20
0;St. Patricks St.;-8.47261531;51.89850471;13-07-2017 06:38:00;10;9
0;South Main St.;-8.47689553164735;51.89694605306899;13-07-2017 06:38:00;3;7
0;Grand Parade;-8.47536977381303;51.89748023175811;13-07-2017 06:38:00;2;14
0;Peace Park;-8.47347588279142;51.89619469926869;13-07-2017 06:38:00;7;11
0;South Gate Bridge;-8.47586514429047;51.89549439125871;13-07-2017 06:38:00;9;3
0;Coburg St.;-8.47056736;51.90155283;13-07-2017 06:38:00;8;20
0;Emmet Place;-8.47270466388061;51.90020812214529;13-07-2017 06:38:00;10;10
0;South Mall;-8.46989982762231;51.89683855516081;13-07-2017 06:38:00;9;19
0;College of Commerce;-8.469797;51.8953;13-07-2017 06:38:00;11;10
0;Father Mathew Statue;-8.4706278;51.89967344;13-07-2017 06:38:00;7;8
0;Cork School of Music;-8.46809252166047;51.89631707505499;13-07-2017 06:38:00;6;9
1;Brian Boru Bridge;-8.465153;51.900405;13-07-2017 06:38:00;0;0
0;Bus Station;-8.46695074;51.89951532;13-07-2017 06:38:00;9;11
0;Cork City Hall;-8.466;51.897;13-07-2017 06:38:00;7;6
0;Lower Glanmire Rd.;-8.46411816;51.90137057;13-07-2017 06:38:00;15;5
0;Clontarf Street;-8.46562933177544;51.89848186918711;13-07-2017 06:38:00;4;5
0;Kent Station;-8.45821512;51.90196195;13-07-2017 06:38:00;17;12
0;Gaol Walk;-8.494174;51.893604;13-07-2017 06:43:00;8;16
0;Fitzgerald's Park;-8.49341266;51.89555327;13-07-2017 06:43:00;7;5
0;Bandfield;-8.4891363;51.89580557;13-07-2017 06:43:00;14;18
0;Dyke Parade;-8.48458467;51.89718531;13-07-2017 06:43:00;8;3
0;Mercy Hospital;-8.48225676;51.89911495;13-07-2017 06:43:00;6;7
0;St. Fin Barre's Bridge;-8.48196155;51.89710212;13-07-2017 06:43:00;15;5
0;Pope's Quay;-8.477385;51.901632;13-07-2017 06:43:00;9;9
0;North Main St.;-8.47844005;51.89974733;13-07-2017 06:43:00;8;7
0;Grattan St.;-8.47977966;51.8984737;13-07-2017 06:43:00;3;6
0;Wandesford Quay;-8.48004;51.896492;13-07-2017 06:43:00;9;12
0;Bishop St.;-8.4790268;51.89468826;13-07-2017 06:43:00;6;8
0;Camden Quay;-8.473342;51.901054;13-07-2017 06:43:00;10;10
0;Corn Market St.;-8.477;51.9;13-07-2017 06:43:00;13;9
0;Lapp's Quay;-8.465735;51.898144;13-07-2017 06:43:00;8;20
0;St. Patricks St.;-8.47261531;51.89850471;13-07-2017 06:43:00;10;9
0;South Main St.;-8.47689553164735;51.89694605306899;13-07-2017 06:43:00;3;7
0;Grand Parade;-8.47536977381303;51.89748023175811;13-07-2017 06:43:00;2;14
0;Peace Park;-8.47347588279142;51.89619469926869;13-07-2017 06:43:00;7;11
0;South Gate Bridge;-8.47586514429047;51.89549439125871;13-07-2017 06:43:00;8;4
0;Coburg St.;-8.47056736;51.90155283;13-07-2017 06:43:00;8;20
0;Emmet Place;-8.47270466388061;51.90020812214529;13-07-2017 06:43:00;10;10
0;South Mall;-8.46989982762231;51.89683855516081;13-07-2017 06:43:00;9;19
0;College of Commerce;-8.469797;51.8953;13-07-2017 06:43:00;11;10
0;Father Mathew Statue;-8.4706278;51.89967344;13-07-2017 06:43:00;7;8
0;Cork School of Music;-8.46809252166047;51.89631707505499;13-07-2017 06:43:00;6;9
1;Brian Boru Bridge;-8.465153;51.900405;13-07-2017 06:43:00;0;0
0;Bus Station;-8.46695074;51.89951532;13-07-2017 06:43:00;9;11
0;Cork City Hall;-8.466;51.897;13-07-2017 06:43:00;7;6
0;Lower Glanmire Rd.;-8.46411816;51.90137057;13-07-2017 06:43:00;15;5
0;Clontarf Street;-8.46562933177544;51.89848186918711;13-07-2017 06:43:00;4;5
0;Kent Station;-8.45821512;51.90196195;13-07-2017 06:43:00;17;12
0;Gaol Walk;-8.494174;51.893604;13-07-2017 06:48:00;7;17
0;Fitzgerald's Park;-8.49341266;51.89555327;13-07-2017 06:48:00;7;5
0;Bandfield;-8.4891363;51.89580557;13-07-2017 06:48:00;14;18
0;Dyke Parade;-8.48458467;51.89718531;13-07-2017 06:48:00;8;3
0;Mercy Hospital;-8.48225676;51.89911495;13-07-2017 06:48:00;6;7
0;St. Fin Barre's Bridge;-8.48196155;51.89710212;13-07-2017 06:48:00;15;5
0;Pope's Quay;-8.477385;51.901632;13-07-2017 06:48:00;9;9
0;North Main St.;-8.47844005;51.89974733;13-07-2017 06:48:00;8;7
0;Grattan St.;-8.47977966;51.8984737;13-07-2017 06:48:00;3;6
0;Wandesford Quay;-8.48004;51.896492;13-07-2017 06:48:00;9;12
0;Bishop St.;-8.4790268;51.89468826;13-07-2017 06:48:00;6;8
0;Camden Quay;-8.473342;51.901054;13-07-2017 06:48:00;10;10
0;Corn Market St.;-8.477;51.9;13-07-2017 06:48:00;13;9
0;Lapp's Quay;-8.465735;51.898144;13-07-2017 06:48:00;8;20
0;St. Patricks St.;-8.47261531;51.89850471;13-07-2017 06:48:00;10;9
0;South Main St.;-8.47689553164735;51.89694605306899;13-07-2017 06:48:00;3;7
0;Grand Parade;-8.47536977381303;51.89748023175811;13-07-2017 06:48:00;2;14
0;Peace Park;-8.47347588279142;51.89619469926869;13-07-2017 06:48:00;6;12
0;South Gate Bridge;-8.47586514429047;51.89549439125871;13-07-2017 06:48:00;8;4
0;Coburg St.;-8.47056736;51.90155283;13-07-2017 06:48:00;7;21
0;Emmet Place;-8.47270466388061;51.90020812214529;13-07-2017 06:48:00;10;10
0;South Mall;-8.46989982762231;51.89683855516081;13-07-2017 06:48:00;9;19
0;College of Commerce;-8.469797;51.8953;13-07-2017 06:48:00;11;10
0;Father Mathew Statue;-8.4706278;51.89967344;13-07-2017 06:48:00;7;8
0;Cork School of Music;-8.46809252166047;51.89631707505499;13-07-2017 06:48:00;6;9
1;Brian Boru Bridge;-8.465153;51.900405;13-07-2017 06:48:00;0;0
0;Bus Station;-8.46695074;51.89951532;13-07-2017 06:48:00;9;11
0;Cork City Hall;-8.466;51.897;13-07-2017 06:48:00;7;6
0;Lower Glanmire Rd.;-8.46411816;51.90137057;13-07-2017 06:48:00;15;5
0;Clontarf Street;-8.46562933177544;51.89848186918711;13-07-2017 06:48:00;4;5
0;Kent Station;-8.45821512;51.90196195;13-07-2017 06:48:00;18;11
0;Gaol Walk;-8.494174;51.893604;13-07-2017 06:53:00;7;17
0;Fitzgerald's Park;-8.49341266;51.89555327;13-07-2017 06:53:00;7;5
0;Bandfield;-8.4891363;51.89580557;13-07-2017 06:53:00;14;18
0;Dyke Parade;-8.48458467;51.89718531;13-07-2017 06:53:00;8;3
0;Mercy Hospital;-8.48225676;51.89911495;13-07-2017 06:53:00;6;7
0;St. Fin Barre's Bridge;-8.48196155;51.89710212;13-07-2017 06:53:00;15;5
0;Pope's Quay;-8.477385;51.901632;13-07-2017 06:53:00;9;9
0;North Main St.;-8.47844005;51.89974733;13-07-2017 06:53:00;8;7
0;Grattan St.;-8.47977966;51.8984737;13-07-2017 06:53:00;3;6
0;Wandesford Quay;-8.48004;51.896492;13-07-2017 06:53:00;9;12
0;Bishop St.;-8.4790268;51.89468826;13-07-2017 06:53:00;6;8
0;Camden Quay;-8.473342;51.901054;13-07-2017 06:53:00;9;11
0;Corn Market St.;-8.477;51.9;13-07-2017 06:53:00;13;9
0;Lapp's Quay;-8.465735;51.898144;13-07-2017 06:53:00;8;20
0;St. Patricks St.;-8.47261531;51.89850471;13-07-2017 06:53:00;10;9
0;South Main St.;-8.47689553164735;51.89694605306899;13-07-2017 06:53:00;3;7
0;Grand Parade;-8.47536977381303;51.89748023175811;13-07-2017 06:53:00;7;9
0;Peace Park;-8.47347588279142;51.89619469926869;13-07-2017 06:53:00;7;11
0;South Gate Bridge;-8.47586514429047;51.89549439125871;13-07-2017 06:53:00;8;4
0;Coburg St.;-8.47056736;51.90155283;13-07-2017 06:53:00;7;21
0;Emmet Place;-8.47270466388061;51.90020812214529;13-07-2017 06:53:00;10;10
0;South Mall;-8.46989982762231;51.89683855516081;13-07-2017 06:53:00;9;19
0;College of Commerce;-8.469797;51.8953;13-07-2017 06:53:00;11;10
0;Father Mathew Statue;-8.4706278;51.89967344;13-07-2017 06:53:00;7;8
0;Cork School of Music;-8.46809252166047;51.89631707505499;13-07-2017 06:53:00;6;9
1;Brian Boru Bridge;-8.465153;51.900405;13-07-2017 06:53:00;0;0
0;Bus Station;-8.46695074;51.89951532;13-07-2017 06:53:00;9;11
0;Cork City Hall;-8.466;51.897;13-07-2017 06:53:00;7;6
0;Lower Glanmire Rd.;-8.46411816;51.90137057;13-07-2017 06:53:00;15;5
0;Clontarf Street;-8.46562933177544;51.89848186918711;13-07-2017 06:53:00;4;5
0;Kent Station;-8.45821512;51.90196195;13-07-2017 06:53:00;19;10
0;Gaol Walk;-8.494174;51.893604;13-07-2017 06:58:00;7;17
0;Fitzgerald's Park;-8.49341266;51.89555327;13-07-2017 06:58:00;7;5
0;Bandfield;-8.4891363;51.89580557;13-07-2017 06:58:00;9;23
0;Dyke Parade;-8.48458467;51.89718531;13-07-2017 06:58:00;8;3
0;Mercy Hospital;-8.48225676;51.89911495;13-07-2017 06:58:00;6;7
0;St. Fin Barre's Bridge;-8.48196155;51.89710212;13-07-2017 06:58:00;15;5
0;Pope's Quay;-8.477385;51.901632;13-07-2017 06:58:00;9;9
0;North Main St.;-8.47844005;51.89974733;13-07-2017 06:58:00;8;7
0;Grattan St.;-8.47977966;51.8984737;13-07-2017 06:58:00;3;6
0;Wandesford Quay;-8.48004;51.896492;13-07-2017 06:58:00;9;12
0;Bishop St.;-8.4790268;51.89468826;13-07-2017 06:58:00;6;8
0;Camden Quay;-8.473342;51.901054;13-07-2017 06:58:00;8;12
0;Corn Market St.;-8.477;51.9;13-07-2017 06:58:00;13;9
0;Lapp's Quay;-8.465735;51.898144;13-07-2017 06:58:00;8;20
0;St. Patricks St.;-8.47261531;51.89850471;13-07-2017 06:58:00;10;9
0;South Main St.;-8.47689553164735;51.89694605306899;13-07-2017 06:58:00;3;7
0;Grand Parade;-8.47536977381303;51.89748023175811;13-07-2017 06:58:00;6;10
0;Peace Park;-8.47347588279142;51.89619469926869;13-07-2017 06:58:00;7;11
0;South Gate Bridge;-8.47586514429047;51.89549439125871;13-07-2017 06:58:00;8;4
0;Coburg St.;-8.47056736;51.90155283;13-07-2017 06:58:00;6;22
0;Emmet Place;-8.47270466388061;51.90020812214529;13-07-2017 06:58:00;10;10
0;South Mall;-8.46989982762231;51.89683855516081;13-07-2017 06:58:00;9;19
0;College of Commerce;-8.469797;51.8953;13-07-2017 06:58:00;11;10
0;Father Mathew Statue;-8.4706278;51.89967344;13-07-2017 06:58:00;7;8
0;Cork School of Music;-8.46809252166047;51.89631707505499;13-07-2017 06:58:00;6;9
1;Brian Boru Bridge;-8.465153;51.900405;13-07-2017 06:58:00;0;0
0;Bus Station;-8.46695074;51.89951532;13-07-2017 06:58:00;10;10
0;Cork City Hall;-8.466;51.897;13-07-2017 06:58:00;7;6
0;Lower Glanmire Rd.;-8.46411816;51.90137057;13-07-2017 06:58:00;15;5
0;Clontarf Street;-8.46562933177544;51.89848186918711;13-07-2017 06:58:00;4;5
0;Kent Station;-8.45821512;51.90196195;13-07-2017 06:58:00;20;9
0;Gaol Walk;-8.494174;51.893604;13-07-2017 07:03:00;6;18
0;Fitzgerald's Park;-8.49341266;51.89555327;13-07-2017 07:03:00;7;5
0;Bandfield;-8.4891363;51.89580557;13-07-2017 07:03:00;9;23
0;Dyke Parade;-8.48458467;51.89718531;13-07-2017 07:03:00;8;3
0;Mercy Hospital;-8.48225676;51.89911495;13-07-2017 07:03:00;6;7
0;St. Fin Barre's Bridge;-8.48196155;51.89710212;13-07-2017 07:03:00;15;5
0;Pope's Quay;-8.477385;51.901632;13-07-2017 07:03:00;9;9
0;North Main St.;-8.47844005;51.89974733;13-07-2017 07:03:00;8;7
0;Grattan St.;-8.47977966;51.8984737;13-07-2017 07:03:00;3;6
0;Wandesford Quay;-8.48004;51.896492;13-07-2017 07:03:00;9;12
0;Bishop St.;-8.4790268;51.89468826;13-07-2017 07:03:00;6;8
0;Camden Quay;-8.473342;51.901054;13-07-2017 07:03:00;16;4
0;Corn Market St.;-8.477;51.9;13-07-2017 07:03:00;13;9
0;Lapp's Quay;-8.465735;51.898144;13-07-2017 07:03:00;8;20
0;St. Patricks St.;-8.47261531;51.89850471;13-07-2017 07:03:00;10;9
0;South Main St.;-8.47689553164735;51.89694605306899;13-07-2017 07:03:00;3;7
0;Grand Parade;-8.47536977381303;51.89748023175811;13-07-2017 07:03:00;5;11
0;Peace Park;-8.47347588279142;51.89619469926869;13-07-2017 07:03:00;7;11
0;South Gate Bridge;-8.47586514429047;51.89549439125871;13-07-2017 07:03:00;7;5
0;Coburg St.;-8.47056736;51.90155283;13-07-2017 07:03:00;6;22
0;Emmet Place;-8.47270466388061;51.90020812214529;13-07-2017 07:03:00;10;10
0;South Mall;-8.46989982762231;51.89683855516081;13-07-2017 07:03:00;9;19
0;College of Commerce;-8.469797;51.8953;13-07-2017 07:03:00;11;10
0;Father Mathew Statue;-8.4706278;51.89967344;13-07-2017 07:03:00;7;8
0;Cork School of Music;-8.46809252166047;51.89631707505499;13-07-2017 07:03:00;6;9
1;Brian Boru Bridge;-8.465153;51.900405;13-07-2017 07:03:00;0;0
0;Bus Station;-8.46695074;51.89951532;13-07-2017 07:03:00;13;7
0;Cork City Hall;-8.466;51.897;13-07-2017 07:03:00;7;6
0;Lower Glanmire Rd.;-8.46411816;51.90137057;13-07-2017 07:03:00;15;5
0;Clontarf Street;-8.46562933177544;51.89848186918711;13-07-2017 07:03:00;4;5
0;Kent Station;-8.45821512;51.90196195;13-07-2017 07:03:00;20;9
0;Gaol Walk;-8.494174;51.893604;13-07-2017 07:08:00;6;18
0;Fitzgerald's Park;-8.49341266;51.89555327;13-07-2017 07:08:00;8;4
0;Bandfield;-8.4891363;51.89580557;13-07-2017 07:08:00;8;24
0;Dyke Parade;-8.48458467;51.89718531;13-07-2017 07:08:00;8;3
0;Mercy Hospital;-8.48225676;51.89911495;13-07-2017 07:08:00;6;7
0;St. Fin Barre's Bridge;-8.48196155;51.89710212;13-07-2017 07:08:00;15;5
0;Pope's Quay;-8.477385;51.901632;13-07-2017 07:08:00;15;3
0;North Main St.;-8.47844005;51.89974733;13-07-2017 07:08:00;8;7
0;Grattan St.;-8.47977966;51.8984737;13-07-2017 07:08:00;3;6
0;Wandesford Quay;-8.48004;51.896492;13-07-2017 07:08:00;9;12
0;Bishop St.;-8.4790268;51.89468826;13-07-2017 07:08:00;5;9
0;Camden Quay;-8.473342;51.901054;13-07-2017 07:08:00;16;4
0;Corn Market St.;-8.477;51.9;13-07-2017 07:08:00;13;9
0;Lapp's Quay;-8.465735;51.898144;13-07-2017 07:08:00;8;20
0;St. Patricks St.;-8.47261531;51.89850471;13-07-2017 07:08:00;10;9
0;South Main St.;-8.47689553164735;51.89694605306899;13-07-2017 07:08:00;3;7
0;Grand Parade;-8.47536977381303;51.89748023175811;13-07-2017 07:08:00;5;11
0;Peace Park;-8.47347588279142;51.89619469926869;13-07-2017 07:08:00;7;11
0;South Gate Bridge;-8.47586514429047;51.89549439125871;13-07-2017 07:08:00;7;5
0;Coburg St.;-8.47056736;51.90155283;13-07-2017 07:08:00;6;22
0;Emmet Place;-8.47270466388061;51.90020812214529;13-07-2017 07:08:00;10;10
0;South Mall;-8.46989982762231;51.89683855516081;13-07-2017 07:08:00;9;19
0;College of Commerce;-8.469797;51.8953;13-07-2017 07:08:00;11;10
0;Father Mathew Statue;-8.4706278;51.89967344;13-07-2017 07:08:00;7;8
0;Cork School of Music;-8.46809252166047;51.89631707505499;13-07-2017 07:08:00;6;9
1;Brian Boru Bridge;-8.465153;51.900405;13-07-2017 07:08:00;0;0
0;Bus Station;-8.46695074;51.89951532;13-07-2017 07:08:00;13;7
0;Cork City Hall;-8.466;51.897;13-07-2017 07:08:00;7;6
0;Lower Glanmire Rd.;-8.46411816;51.90137057;13-07-2017 07:08:00;15;5
0;Clontarf Street;-8.46562933177544;51.89848186918711;13-07-2017 07:08:00;4;5
0;Kent Station;-8.45821512;51.90196195;13-07-2017 07:08:00;20;9
0;Gaol Walk;-8.494174;51.893604;13-07-2017 07:13:00;7;17
0;Fitzgerald's Park;-8.49341266;51.89555327;13-07-2017 07:13:00;8;4
0;Bandfield;-8.4891363;51.89580557;13-07-2017 07:13:00;8;24
0;Dyke Parade;-8.48458467;51.89718531;13-07-2017 07:13:00;8;3
0;Mercy Hospital;-8.48225676;51.89911495;13-07-2017 07:13:00;6;7
0;St. Fin Barre's Bridge;-8.48196155;51.89710212;13-07-2017 07:13:00;15;5
0;Pope's Quay;-8.477385;51.901632;13-07-2017 07:13:00;15;3
0;North Main St.;-8.47844005;51.89974733;13-07-2017 07:13:00;8;7
0;Grattan St.;-8.47977966;51.8984737;13-07-2017 07:13:00;3;6
0;Wandesford Quay;-8.48004;51.896492;13-07-2017 07:13:00;9;12
0;Bishop St.;-8.4790268;51.89468826;13-07-2017 07:13:00;5;9
0;Camden Quay;-8.473342;51.901054;13-07-2017 07:13:00;15;5
0;Corn Market St.;-8.477;51.9;13-07-2017 07:13:00;13;9
0;Lapp's Quay;-8.465735;51.898144;13-07-2017 07:13:00;8;20
0;St. Patricks St.;-8.47261531;51.89850471;13-07-2017 07:13:00;10;9
0;South Main St.;-8.47689553164735;51.89694605306899;13-07-2017 07:13:00;3;7
0;Grand Parade;-8.47536977381303;51.89748023175811;13-07-2017 07:13:00;5;11
0;Peace Park;-8.47347588279142;51.89619469926869;13-07-2017 07:13:00;7;11
0;South Gate Bridge;-8.47586514429047;51.89549439125871;13-07-2017 07:13:00;7;5
0;Coburg St.;-8.47056736;51.90155283;13-07-2017 07:13:00;6;22
0;Emmet Place;-8.47270466388061;51.90020812214529;13-07-2017 07:13:00;12;8
0;South Mall;-8.46989982762231;51.89683855516081;13-07-2017 07:13:00;9;19
0;College of Commerce;-8.469797;51.8953;13-07-2017 07:13:00;11;10
0;Father Mathew Statue;-8.4706278;51.89967344;13-07-2017 07:13:00;7;8
0;Cork School of Music;-8.46809252166047;51.89631707505499;13-07-2017 07:13:00;6;9
1;Brian Boru Bridge;-8.465153;51.900405;13-07-2017 07:13:00;0;0
0;Bus Station;-8.46695074;51.89951532;13-07-2017 07:13:00;13;7
0;Cork City Hall;-8.466;51.897;13-07-2017 07:13:00;7;6
0;Lower Glanmire Rd.;-8.46411816;51.90137057;13-07-2017 07:13:00;15;5
0;Clontarf Street;-8.46562933177544;51.89848186918711;13-07-2017 07:13:00;4;5
0;Kent Station;-8.45821512;51.90196195;13-07-2017 07:13:00;20;9
0;Gaol Walk;-8.494174;51.893604;13-07-2017 07:18:00;7;17
0;Fitzgerald's Park;-8.49341266;51.89555327;13-07-2017 07:18:00;8;4
0;Bandfield;-8.4891363;51.89580557;13-07-2017 07:18:00;8;24
0;Dyke Parade;-8.48458467;51.89718531;13-07-2017 07:18:00;8;3
0;Mercy Hospital;-8.48225676;51.89911495;13-07-2017 07:18:00;6;7
0;St. Fin Barre's Bridge;-8.48196155;51.89710212;13-07-2017 07:18:00;15;5
0;Pope's Quay;-8.477385;51.901632;13-07-2017 07:18:00;15;3
0;North Main St.;-8.47844005;51.89974733;13-07-2017 07:18:00;7;8
0;Grattan St.;-8.47977966;51.8984737;13-07-2017 07:18:00;3;6
0;Wandesford Quay;-8.48004;51.896492;13-07-2017 07:18:00;9;12
0;Bishop St.;-8.4790268;51.89468826;13-07-2017 07:18:00;5;9
0;Camden Quay;-8.473342;51.901054;13-07-2017 07:18:00;14;6
0;Corn Market St.;-8.477;51.9;13-07-2017 07:18:00;13;9
0;Lapp's Quay;-8.465735;51.898144;13-07-2017 07:18:00;8;20
0;St. Patricks St.;-8.47261531;51.89850471;13-07-2017 07:18:00;10;9
0;South Main St.;-8.47689553164735;51.89694605306899;13-07-2017 07:18:00;3;7
0;Grand Parade;-8.47536977381303;51.89748023175811;13-07-2017 07:18:00;5;11
0;Peace Park;-8.47347588279142;51.89619469926869;13-07-2017 07:18:00;7;11
0;South Gate Bridge;-8.47586514429047;51.89549439125871;13-07-2017 07:18:00;7;5
0;Coburg St.;-8.47056736;51.90155283;13-07-2017 07:18:00;6;22
0;Emmet Place;-8.47270466388061;51.90020812214529;13-07-2017 07:18:00;12;8
0;South Mall;-8.46989982762231;51.89683855516081;13-07-2017 07:18:00;9;19
0;College of Commerce;-8.469797;51.8953;13-07-2017 07:18:00;11;10
0;Father Mathew Statue;-8.4706278;51.89967344;13-07-2017 07:18:00;8;7
0;Cork School of Music;-8.46809252166047;51.89631707505499;13-07-2017 07:18:00;6;9
1;Brian Boru Bridge;-8.465153;51.900405;13-07-2017 07:18:00;0;0
0;Bus Station;-8.46695074;51.89951532;13-07-2017 07:18:00;5;15
0;Cork City Hall;-8.466;51.897;13-07-2017 07:18:00;8;5
0;Lower Glanmire Rd.;-8.46411816;51.90137057;13-07-2017 07:18:00;15;5
0;Clontarf Street;-8.46562933177544;51.89848186918711;13-07-2017 07:18:00;4;5
0;Kent Station;-8.45821512;51.90196195;13-07-2017 07:18:00;20;9
0;Gaol Walk;-8.494174;51.893604;13-07-2017 07:23:00;7;17
0;Fitzgerald's Park;-8.49341266;51.89555327;13-07-2017 07:23:00;8;4
0;Bandfield;-8.4891363;51.89580557;13-07-2017 07:23:00;8;24
0;Dyke Parade;-8.48458467;51.89718531;13-07-2017 07:23:00;8;3
0;Mercy Hospital;-8.48225676;51.89911495;13-07-2017 07:23:00;7;6
0;St. Fin Barre's Bridge;-8.48196155;51.89710212;13-07-2017 07:23:00;14;6
0;Pope's Quay;-8.477385;51.901632;13-07-2017 07:23:00;15;3
0;North Main St.;-8.47844005;51.89974733;13-07-2017 07:23:00;10;5
0;Grattan St.;-8.47977966;51.8984737;13-07-2017 07:23:00;3;6
0;Wandesford Quay;-8.48004;51.896492;13-07-2017 07:23:00;9;12
0;Bishop St.;-8.4790268;51.89468826;13-07-2017 07:23:00;5;9
0;Camden Quay;-8.473342;51.901054;13-07-2017 07:23:00;14;6
0;Corn Market St.;-8.477;51.9;13-07-2017 07:23:00;13;9
0;Lapp's Quay;-8.465735;51.898144;13-07-2017 07:23:00;8;20
0;St. Patricks St.;-8.47261531;51.89850471;13-07-2017 07:23:00;10;9
0;South Main St.;-8.47689553164735;51.89694605306899;13-07-2017 07:23:00;3;7
0;Grand Parade;-8.47536977381303;51.89748023175811;13-07-2017 07:23:00;6;10
0;Peace Park;-8.47347588279142;51.89619469926869;13-07-2017 07:23:00;7;11
0;South Gate Bridge;-8.47586514429047;51.89549439125871;13-07-2017 07:23:00;7;5
0;Coburg St.;-8.47056736;51.90155283;13-07-2017 07:23:00;6;22
0;Emmet Place;-8.47270466388061;51.90020812214529;13-07-2017 07:23:00;12;8
0;South Mall;-8.46989982762231;51.89683855516081;13-07-2017 07:23:00;9;19
0;College of Commerce;-8.469797;51.8953;13-07-2017 07:23:00;11;10
0;Father Mathew Statue;-8.4706278;51.89967344;13-07-2017 07:23:00;8;7
0;Cork School of Music;-8.46809252166047;51.89631707505499;13-07-2017 07:23:00;6;9
1;Brian Boru Bridge;-8.465153;51.900405;13-07-2017 07:23:00;0;0
0;Bus Station;-8.46695074;51.89951532;13-07-2017 07:23:00;5;15
0;Cork City Hall;-8.466;51.897;13-07-2017 07:23:00;8;5
0;Lower Glanmire Rd.;-8.46411816;51.90137057;13-07-2017 07:23:00;15;5
0;Clontarf Street;-8.46562933177544;51.89848186918711;13-07-2017 07:23:00;4;5
0;Kent Station;-8.45821512;51.90196195;13-07-2017 07:23:00;21;8
0;Gaol Walk;-8.494174;51.893604;13-07-2017 07:28:00;6;18
0;Fitzgerald's Park;-8.49341266;51.89555327;13-07-2017 07:28:00;8;4
0;Bandfield;-8.4891363;51.89580557;13-07-2017 07:28:00;8;24
0;Dyke Parade;-8.48458467;51.89718531;13-07-2017 07:28:00;8;3
0;Mercy Hospital;-8.48225676;51.89911495;13-07-2017 07:28:00;8;5
0;St. Fin Barre's Bridge;-8.48196155;51.89710212;13-07-2017 07:28:00;14;5
0;Pope's Quay;-8.477385;51.901632;13-07-2017 07:28:00;15;3
0;North Main St.;-8.47844005;51.89974733;13-07-2017 07:28:00;10;5
0;Grattan St.;-8.47977966;51.8984737;13-07-2017 07:28:00;3;6
0;Wandesford Quay;-8.48004;51.896492;13-07-2017 07:28:00;9;12
0;Bishop St.;-8.4790268;51.89468826;13-07-2017 07:28:00;5;9
0;Camden Quay;-8.473342;51.901054;13-07-2017 07:28:00;14;6
0;Corn Market St.;-8.477;51.9;13-07-2017 07:28:00;13;9
0;Lapp's Quay;-8.465735;51.898144;13-07-2017 07:28:00;7;21
0;St. Patricks St.;-8.47261531;51.89850471;13-07-2017 07:28:00;10;9
0;South Main St.;-8.47689553164735;51.89694605306899;13-07-2017 07:28:00;3;7
0;Grand Parade;-8.47536977381303;51.89748023175811;13-07-2017 07:28:00;6;10
0;Peace Park;-8.47347588279142;51.89619469926869;13-07-2017 07:28:00;7;11
0;South Gate Bridge;-8.47586514429047;51.89549439125871;13-07-2017 07:28:00;10;2
0;Coburg St.;-8.47056736;51.90155283;13-07-2017 07:28:00;6;22
0;Emmet Place;-8.47270466388061;51.90020812214529;13-07-2017 07:28:00;12;8
0;South Mall;-8.46989982762231;51.89683855516081;13-07-2017 07:28:00;9;19
0;College of Commerce;-8.469797;51.8953;13-07-2017 07:28:00;10;11
0;Father Mathew Statue;-8.4706278;51.89967344;13-07-2017 07:28:00;8;7
0;Cork School of Music;-8.46809252166047;51.89631707505499;13-07-2017 07:28:00;6;9
1;Brian Boru Bridge;-8.465153;51.900405;13-07-2017 07:28:00;0;0
0;Bus Station;-8.46695074;51.89951532;13-07-2017 07:28:00;6;14
0;Cork City Hall;-8.466;51.897;13-07-2017 07:28:00;8;5
0;Lower Glanmire Rd.;-8.46411816;51.90137057;13-07-2017 07:28:00;15;5
0;Clontarf Street;-8.46562933177544;51.89848186918711;13-07-2017 07:28:00;4;5
0;Kent Station;-8.45821512;51.90196195;13-07-2017 07:28:00;21;8
0;Gaol Walk;-8.494174;51.893604;13-07-2017 07:33:00;6;18
0;Fitzgerald's Park;-8.49341266;51.89555327;13-07-2017 07:33:00;8;4
0;Bandfield;-8.4891363;51.89580557;13-07-2017 07:33:00;8;24
0;Dyke Parade;-8.48458467;51.89718531;13-07-2017 07:33:00;8;3
0;Mercy Hospital;-8.48225676;51.89911495;13-07-2017 07:33:00;8;5
0;St. Fin Barre's Bridge;-8.48196155;51.89710212;13-07-2017 07:33:00;13;6
0;Pope's Quay;-8.477385;51.901632;13-07-2017 07:33:00;14;4
0;North Main St.;-8.47844005;51.89974733;13-07-2017 07:33:00;9;6
0;Grattan St.;-8.47977966;51.8984737;13-07-2017 07:33:00;3;6
0;Wandesford Quay;-8.48004;51.896492;13-07-2017 07:33:00;9;12
0;Bishop St.;-8.4790268;51.89468826;13-07-2017 07:33:00;8;6
0;Camden Quay;-8.473342;51.901054;13-07-2017 07:33:00;14;6
0;Corn Market St.;-8.477;51.9;13-07-2017 07:33:00;13;9
0;Lapp's Quay;-8.465735;51.898144;13-07-2017 07:33:00;7;21
0;St. Patricks St.;-8.47261531;51.89850471;13-07-2017 07:33:00;10;9
0;South Main St.;-8.47689553164735;51.89694605306899;13-07-2017 07:33:00;3;7
0;Grand Parade;-8.47536977381303;51.89748023175811;13-07-2017 07:33:00;6;10
0;Peace Park;-8.47347588279142;51.89619469926869;13-07-2017 07:33:00;7;11
0;South Gate Bridge;-8.47586514429047;51.89549439125871;13-07-2017 07:33:00;9;3
0;Coburg St.;-8.47056736;51.90155283;13-07-2017 07:33:00;6;22
0;Emmet Place;-8.47270466388061;51.90020812214529;13-07-2017 07:33:00;13;7
0;South Mall;-8.46989982762231;51.89683855516081;13-07-2017 07:33:00;9;19
0;College of Commerce;-8.469797;51.8953;13-07-2017 07:33:00;9;12
0;Father Mathew Statue;-8.4706278;51.89967344;13-07-2017 07:33:00;8;7
0;Cork School of Music;-8.46809252166047;51.89631707505499;13-07-2017 07:33:00;6;9
1;Brian Boru Bridge;-8.465153;51.900405;13-07-2017 07:33:00;0;0
0;Bus Station;-8.46695074;51.89951532;13-07-2017 07:33:00;6;14
0;Cork City Hall;-8.466;51.897;13-07-2017 07:33:00;8;5
0;Lower Glanmire Rd.;-8.46411816;51.90137057;13-07-2017 07:33:00;15;5
0;Clontarf Street;-8.46562933177544;51.89848186918711;13-07-2017 07:33:00;3;6
0;Kent Station;-8.45821512;51.90196195;13-07-2017 07:33:00;20;9
0;Gaol Walk;-8.494174;51.893604;13-07-2017 07:38:00;7;17
0;Fitzgerald's Park;-8.49341266;51.89555327;13-07-2017 07:38:00;8;4
0;Bandfield;-8.4891363;51.89580557;13-07-2017 07:38:00;8;24
0;Dyke Parade;-8.48458467;51.89718531;13-07-2017 07:38:00;8;3
0;Mercy Hospital;-8.48225676;51.89911495;13-07-2017 07:38:00;8;5
0;St. Fin Barre's Bridge;-8.48196155;51.89710212;13-07-2017 07:38:00;13;6
0;Pope's Quay;-8.477385;51.901632;13-07-2017 07:38:00;13;5
0;North Main St.;-8.47844005;51.89974733;13-07-2017 07:38:00;9;6
0;Grattan St.;-8.47977966;51.8984737;13-07-2017 07:38:00;4;5
0;Wandesford Quay;-8.48004;51.896492;13-07-2017 07:38:00;9;12
0;Bishop St.;-8.4790268;51.89468826;13-07-2017 07:38:00;7;7
0;Camden Quay;-8.473342;51.901054;13-07-2017 07:38:00;15;5
0;Corn Market St.;-8.477;51.9;13-07-2017 07:38:00;13;9
0;Lapp's Quay;-8.465735;51.898144;13-07-2017 07:38:00;7;21
0;St. Patricks St.;-8.47261531;51.89850471;13-07-2017 07:38:00;11;8
0;South Main St.;-8.47689553164735;51.89694605306899;13-07-2017 07:38:00;3;7
0;Grand Parade;-8.47536977381303;51.89748023175811;13-07-2017 07:38:00;6;10
0;Peace Park;-8.47347588279142;51.89619469926869;13-07-2017 07:38:00;7;11
0;South Gate Bridge;-8.47586514429047;51.89549439125871;13-07-2017 07:38:00;9;3
0;Coburg St.;-8.47056736;51.90155283;13-07-2017 07:38:00;7;21
0;Emmet Place;-8.47270466388061;51.90020812214529;13-07-2017 07:38:00;6;14
0;South Mall;-8.46989982762231;51.89683855516081;13-07-2017 07:38:00;9;19
0;College of Commerce;-8.469797;51.8953;13-07-2017 07:38:00;9;12
0;Father Mathew Statue;-8.4706278;51.89967344;13-07-2017 07:38:00;9;6
0;Cork School of Music;-8.46809252166047;51.89631707505499;13-07-2017 07:38:00;6;9
1;Brian Boru Bridge;-8.465153;51.900405;13-07-2017 07:38:00;0;0
0;Bus Station;-8.46695074;51.89951532;13-07-2017 07:38:00;9;11
0;Cork City Hall;-8.466;51.897;13-07-2017 07:38:00;9;4
0;Lower Glanmire Rd.;-8.46411816;51.90137057;13-07-2017 07:38:00;15;5
0;Clontarf Street;-8.46562933177544;51.89848186918711;13-07-2017 07:38:00;2;7
0;Kent Station;-8.45821512;51.90196195;13-07-2017 07:38:00;20;9
0;Gaol Walk;-8.494174;51.893604;13-07-2017 07:43:00;7;17
0;Fitzgerald's Park;-8.49341266;51.89555327;13-07-2017 07:43:00;8;4
0;Bandfield;-8.4891363;51.89580557;13-07-2017 07:43:00;8;24
0;Dyke Parade;-8.48458467;51.89718531;13-07-2017 07:43:00;8;3
0;Mercy Hospital;-8.48225676;51.89911495;13-07-2017 07:43:00;8;5
0;St. Fin Barre's Bridge;-8.48196155;51.89710212;13-07-2017 07:43:00;13;6
0;Pope's Quay;-8.477385;51.901632;13-07-2017 07:43:00;14;4
0;North Main St.;-8.47844005;51.89974733;13-07-2017 07:43:00;9;6
0;Grattan St.;-8.47977966;51.8984737;13-07-2017 07:43:00;4;5
0;Wandesford Quay;-8.48004;51.896492;13-07-2017 07:43:00;9;12
0;Bishop St.;-8.4790268;51.89468826;13-07-2017 07:43:00;7;7
0;Camden Quay;-8.473342;51.901054;13-07-2017 07:43:00;15;5
0;Corn Market St.;-8.477;51.9;13-07-2017 07:43:00;13;9
0;Lapp's Quay;-8.465735;51.898144;13-07-2017 07:43:00;7;21
0;St. Patricks St.;-8.47261531;51.89850471;13-07-2017 07:43:00;11;8
0;South Main St.;-8.47689553164735;51.89694605306899;13-07-2017 07:43:00;3;7
0;Grand Parade;-8.47536977381303;51.89748023175811;13-07-2017 07:43:00;6;10
0;Peace Park;-8.47347588279142;51.89619469926869;13-07-2017 07:43:00;7;11
0;South Gate Bridge;-8.47586514429047;51.89549439125871;13-07-2017 07:43:00;9;3
0;Coburg St.;-8.47056736;51.90155283;13-07-2017 07:43:00;6;22
0;Emmet Place;-8.47270466388061;51.90020812214529;13-07-2017 07:43:00;6;14
0;South Mall;-8.46989982762231;51.89683855516081;13-07-2017 07:43:00;10;18
0;College of Commerce;-8.469797;51.8953;13-07-2017 07:43:00;9;12
0;Father Mathew Statue;-8.4706278;51.89967344;13-07-2017 07:43:00;9;6
0;Cork School of Music;-8.46809252166047;51.89631707505499;13-07-2017 07:43:00;6;9
1;Brian Boru Bridge;-8.465153;51.900405;13-07-2017 07:43:00;0;0
0;Bus Station;-8.46695074;51.89951532;13-07-2017 07:43:00;10;10
0;Cork City Hall;-8.466;51.897;13-07-2017 07:43:00;8;5
0;Lower Glanmire Rd.;-8.46411816;51.90137057;13-07-2017 07:43:00;15;5
0;Clontarf Street;-8.46562933177544;51.89848186918711;13-07-2017 07:43:00;2;7
0;Kent Station;-8.45821512;51.90196195;13-07-2017 07:43:00;21;8
0;Gaol Walk;-8.494174;51.893604;13-07-2017 07:48:00;7;17
0;Fitzgerald's Park;-8.49341266;51.89555327;13-07-2017 07:48:00;7;5
0;Bandfield;-8.4891363;51.89580557;13-07-2017 07:48:00;8;24
0;Dyke Parade;-8.48458467;51.89718531;13-07-2017 07:48:00;8;3
0;Mercy Hospital;-8.48225676;51.89911495;13-07-2017 07:48:00;8;5
0;St. Fin Barre's Bridge;-8.48196155;51.89710212;13-07-2017 07:48:00;12;8
0;Pope's Quay;-8.477385;51.901632;13-07-2017 07:48:00;13;5
0;North Main St.;-8.47844005;51.89974733;13-07-2017 07:48:00;9;6
0;Grattan St.;-8.47977966;51.8984737;13-07-2017 07:48:00;4;5
0;Wandesford Quay;-8.48004;51.896492;13-07-2017 07:48:00;9;12
0;Bishop St.;-8.4790268;51.89468826;13-07-2017 07:48:00;7;7
0;Camden Quay;-8.473342;51.901054;13-07-2017 07:48:00;15;5
0;Corn Market St.;-8.477;51.9;13-07-2017 07:48:00;13;9
0;Lapp's Quay;-8.465735;51.898144;13-07-2017 07:48:00;7;21
0;St. Patricks St.;-8.47261531;51.89850471;13-07-2017 07:48:00;11;8
0;South Main St.;-8.47689553164735;51.89694605306899;13-07-2017 07:48:00;3;7
0;Grand Parade;-8.47536977381303;51.89748023175811;13-07-2017 07:48:00;6;10
0;Peace Park;-8.47347588279142;51.89619469926869;13-07-2017 07:48:00;7;11
0;South Gate Bridge;-8.47586514429047;51.89549439125871;13-07-2017 07:48:00;9;3
0;Coburg St.;-8.47056736;51.90155283;13-07-2017 07:48:00;6;22
0;Emmet Place;-8.47270466388061;51.90020812214529;13-07-2017 07:48:00;6;14
0;South Mall;-8.46989982762231;51.89683855516081;13-07-2017 07:48:00;11;17
0;College of Commerce;-8.469797;51.8953;13-07-2017 07:48:00;9;12
0;Father Mathew Statue;-8.4706278;51.89967344;13-07-2017 07:48:00;9;6
0;Cork School of Music;-8.46809252166047;51.89631707505499;13-07-2017 07:48:00;6;9
1;Brian Boru Bridge;-8.465153;51.900405;13-07-2017 07:48:00;0;0
0;Bus Station;-8.46695074;51.89951532;13-07-2017 07:48:00;9;11
0;Cork City Hall;-8.466;51.897;13-07-2017 07:48:00;8;5
0;Lower Glanmire Rd.;-8.46411816;51.90137057;13-07-2017 07:48:00;15;5
0;Clontarf Street;-8.46562933177544;51.89848186918711;13-07-2017 07:48:00;2;7
0;Kent Station;-8.45821512;51.90196195;13-07-2017 07:48:00;21;8
0;Gaol Walk;-8.494174;51.893604;13-07-2017 07:53:00;7;17
0;Fitzgerald's Park;-8.49341266;51.89555327;13-07-2017 07:53:00;5;7
0;Bandfield;-8.4891363;51.89580557;13-07-2017 07:53:00;8;24
0;Dyke Parade;-8.48458467;51.89718531;13-07-2017 07:53:00;8;3
0;Mercy Hospital;-8.48225676;51.89911495;13-07-2017 07:53:00;8;5
0;St. Fin Barre's Bridge;-8.48196155;51.89710212;13-07-2017 07:53:00;12;8
0;Pope's Quay;-8.477385;51.901632;13-07-2017 07:53:00;13;5
0;North Main St.;-8.47844005;51.89974733;13-07-2017 07:53:00;9;6
0;Grattan St.;-8.47977966;51.8984737;13-07-2017 07:53:00;4;5
0;Wandesford Quay;-8.48004;51.896492;13-07-2017 07:53:00;9;12
0;Bishop St.;-8.4790268;51.89468826;13-07-2017 07:53:00;6;8
0;Camden Quay;-8.473342;51.901054;13-07-2017 07:53:00;14;6
0;Corn Market St.;-8.477;51.9;13-07-2017 07:53:00;13;9
0;Lapp's Quay;-8.465735;51.898144;13-07-2017 07:53:00;7;21
0;St. Patricks St.;-8.47261531;51.89850471;13-07-2017 07:53:00;11;8
0;South Main St.;-8.47689553164735;51.89694605306899;13-07-2017 07:53:00;3;7
0;Grand Parade;-8.47536977381303;51.89748023175811;13-07-2017 07:53:00;6;10
0;Peace Park;-8.47347588279142;51.89619469926869;13-07-2017 07:53:00;7;11
0;South Gate Bridge;-8.47586514429047;51.89549439125871;13-07-2017 07:53:00;9;3
0;Coburg St.;-8.47056736;51.90155283;13-07-2017 07:53:00;6;22
0;Emmet Place;-8.47270466388061;51.90020812214529;13-07-2017 07:53:00;6;14
0;South Mall;-8.46989982762231;51.89683855516081;13-07-2017 07:53:00;11;17
0;College of Commerce;-8.469797;51.8953;13-07-2017 07:53:00;9;12
0;Father Mathew Statue;-8.4706278;51.89967344;13-07-2017 07:53:00;9;6
0;Cork School of Music;-8.46809252166047;51.89631707505499;13-07-2017 07:53:00;6;9
1;Brian Boru Bridge;-8.465153;51.900405;13-07-2017 07:53:00;0;0
0;Bus Station;-8.46695074;51.89951532;13-07-2017 07:53:00;9;11
0;Cork City Hall;-8.466;51.897;13-07-2017 07:53:00;9;4
0;Lower Glanmire Rd.;-8.46411816;51.90137057;13-07-2017 07:53:00;15;5
0;Clontarf Street;-8.46562933177544;51.89848186918711;13-07-2017 07:53:00;2;7
0;Kent Station;-8.45821512;51.90196195;13-07-2017 07:53:00;21;8
0;Gaol Walk;-8.494174;51.893604;13-07-2017 07:58:00;7;17
0;Fitzgerald's Park;-8.49341266;51.89555327;13-07-2017 07:58:00;5;7
0;Bandfield;-8.4891363;51.89580557;13-07-2017 07:58:00;8;24
0;Dyke Parade;-8.48458467;51.89718531;13-07-2017 07:58:00;8;3
0;Mercy Hospital;-8.48225676;51.89911495;13-07-2017 07:58:00;6;7
0;St. Fin Barre's Bridge;-8.48196155;51.89710212;13-07-2017 07:58:00;11;9
0;Pope's Quay;-8.477385;51.901632;13-07-2017 07:58:00;13;5
0;North Main St.;-8.47844005;51.89974733;13-07-2017 07:58:00;9;6
0;Grattan St.;-8.47977966;51.8984737;13-07-2017 07:58:00;4;5
0;Wandesford Quay;-8.48004;51.896492;13-07-2017 07:58:00;9;12
0;Bishop St.;-8.4790268;51.89468826;13-07-2017 07:58:00;6;8
0;Camden Quay;-8.473342;51.901054;13-07-2017 07:58:00;14;6
0;Corn Market St.;-8.477;51.9;13-07-2017 07:58:00;13;9
0;Lapp's Quay;-8.465735;51.898144;13-07-2017 07:58:00;7;21
0;St. Patricks St.;-8.47261531;51.89850471;13-07-2017 07:58:00;11;8
0;South Main St.;-8.47689553164735;51.89694605306899;13-07-2017 07:58:00;4;6
0;Grand Parade;-8.47536977381303;51.89748023175811;13-07-2017 07:58:00;6;10
0;Peace Park;-8.47347588279142;51.89619469926869;13-07-2017 07:58:00;7;11
0;South Gate Bridge;-8.47586514429047;51.89549439125871;13-07-2017 07:58:00;7;5
0;Coburg St.;-8.47056736;51.90155283;13-07-2017 07:58:00;6;22
0;Emmet Place;-8.47270466388061;51.90020812214529;13-07-2017 07:58:00;6;14
0;South Mall;-8.46989982762231;51.89683855516081;13-07-2017 07:58:00;11;17
0;College of Commerce;-8.469797;51.8953;13-07-2017 07:58:00;9;12
0;Father Mathew Statue;-8.4706278;51.89967344;13-07-2017 07:58:00;10;5
0;Cork School of Music;-8.46809252166047;51.89631707505499;13-07-2017 07:58:00;6;9
1;Brian Boru Bridge;-8.465153;51.900405;13-07-2017 07:58:00;0;0
0;Bus Station;-8.46695074;51.89951532;13-07-2017 07:58:00;10;10
0;Cork City Hall;-8.466;51.897;13-07-2017 07:58:00;9;4
0;Lower Glanmire Rd.;-8.46411816;51.90137057;13-07-2017 07:58:00;14;6
0;Clontarf Street;-8.46562933177544;51.89848186918711;13-07-2017 07:58:00;2;7
0;Kent Station;-8.45821512;51.90196195;13-07-2017 07:58:00;19;10
0;Gaol Walk;-8.494174;51.893604;13-07-2017 08:03:00;7;17
0;Fitzgerald's Park;-8.49341266;51.89555327;13-07-2017 08:03:00;6;6
0;Bandfield;-8.4891363;51.89580557;13-07-2017 08:03:00;8;24
0;Dyke Parade;-8.48458467;51.89718531;13-07-2017 08:03:00;8;3
0;Mercy Hospital;-8.48225676;51.89911495;13-07-2017 08:03:00;7;6
0;St. Fin Barre's Bridge;-8.48196155;51.89710212;13-07-2017 08:03:00;10;10
0;Pope's Quay;-8.477385;51.901632;13-07-2017 08:03:00;13;5
0;North Main St.;-8.47844005;51.89974733;13-07-2017 08:03:00;8;7
0;Grattan St.;-8.47977966;51.8984737;13-07-2017 08:03:00;4;5
0;Wandesford Quay;-8.48004;51.896492;13-07-2017 08:03:00;9;12
0;Bishop St.;-8.4790268;51.89468826;13-07-2017 08:03:00;6;8
0;Camden Quay;-8.473342;51.901054;13-07-2017 08:03:00;13;7
0;Corn Market St.;-8.477;51.9;13-07-2017 08:03:00;13;9
0;Lapp's Quay;-8.465735;51.898144;13-07-2017 08:03:00;7;21
0;St. Patricks St.;-8.47261531;51.89850471;13-07-2017 08:03:00;12;7
0;South Main St.;-8.47689553164735;51.89694605306899;13-07-2017 08:03:00;4;6
0;Grand Parade;-8.47536977381303;51.89748023175811;13-07-2017 08:03:00;7;9
0;Peace Park;-8.47347588279142;51.89619469926869;13-07-2017 08:03:00;7;11
0;South Gate Bridge;-8.47586514429047;51.89549439125871;13-07-2017 08:03:00;6;6
0;Coburg St.;-8.47056736;51.90155283;13-07-2017 08:03:00;6;22
0;Emmet Place;-8.47270466388061;51.90020812214529;13-07-2017 08:03:00;6;14
0;South Mall;-8.46989982762231;51.89683855516081;13-07-2017 08:03:00;11;17
0;College of Commerce;-8.469797;51.8953;13-07-2017 08:03:00;7;14
0;Father Mathew Statue;-8.4706278;51.89967344;13-07-2017 08:03:00;10;5
0;Cork School of Music;-8.46809252166047;51.89631707505499;13-07-2017 08:03:00;6;9
1;Brian Boru Bridge;-8.465153;51.900405;13-07-2017 08:03:00;0;0
0;Bus Station;-8.46695074;51.89951532;13-07-2017 08:03:00;12;8
0;Cork City Hall;-8.466;51.897;13-07-2017 08:03:00;10;3
0;Lower Glanmire Rd.;-8.46411816;51.90137057;13-07-2017 08:03:00;14;6
0;Clontarf Street;-8.46562933177544;51.89848186918711;13-07-2017 08:03:00;2;7
0;Kent Station;-8.45821512;51.90196195;13-07-2017 08:03:00;20;9
0;Gaol Walk;-8.494174;51.893604;13-07-2017 08:08:00;10;14
0;Fitzgerald's Park;-8.49341266;51.89555327;13-07-2017 08:08:00;6;6
0;Bandfield;-8.4891363;51.89580557;13-07-2017 08:08:00;8;24
0;Dyke Parade;-8.48458467;51.89718531;13-07-2017 08:08:00;7;4
0;Mercy Hospital;-8.48225676;51.89911495;13-07-2017 08:08:00;7;6
0;St. Fin Barre's Bridge;-8.48196155;51.89710212;13-07-2017 08:08:00;10;10
0;Pope's Quay;-8.477385;51.901632;13-07-2017 08:08:00;13;5
0;North Main St.;-8.47844005;51.89974733;13-07-2017 08:08:00;8;7
0;Grattan St.;-8.47977966;51.8984737;13-07-2017 08:08:00;4;5
0;Wandesford Quay;-8.48004;51.896492;13-07-2017 08:08:00;9;12
0;Bishop St.;-8.4790268;51.89468826;13-07-2017 08:08:00;6;8
0;Camden Quay;-8.473342;51.901054;13-07-2017 08:08:00;13;7
0;Corn Market St.;-8.477;51.9;13-07-2017 08:08:00;13;9
0;Lapp's Quay;-8.465735;51.898144;13-07-2017 08:08:00;7;21
0;St. Patricks St.;-8.47261531;51.89850471;13-07-2017 08:08:00;13;6
0;South Main St.;-8.47689553164735;51.89694605306899;13-07-2017 08:08:00;4;6
0;Grand Parade;-8.47536977381303;51.89748023175811;13-07-2017 08:08:00;7;9
0;Peace Park;-8.47347588279142;51.89619469926869;13-07-2017 08:08:00;7;11
0;South Gate Bridge;-8.47586514429047;51.89549439125871;13-07-2017 08:08:00;6;6
0;Coburg St.;-8.47056736;51.90155283;13-07-2017 08:08:00;6;22
0;Emmet Place;-8.47270466388061;51.90020812214529;13-07-2017 08:08:00;6;14
0;South Mall;-8.46989982762231;51.89683855516081;13-07-2017 08:08:00;11;17
0;College of Commerce;-8.469797;51.8953;13-07-2017 08:08:00;7;14
0;Father Mathew Statue;-8.4706278;51.89967344;13-07-2017 08:08:00;10;5
0;Cork School of Music;-8.46809252166047;51.89631707505499;13-07-2017 08:08:00;5;10
1;Brian Boru Bridge;-8.465153;51.900405;13-07-2017 08:08:00;0;0
0;Bus Station;-8.46695074;51.89951532;13-07-2017 08:08:00;14;6
0;Cork City Hall;-8.466;51.897;13-07-2017 08:08:00;10;3
0;Lower Glanmire Rd.;-8.46411816;51.90137057;13-07-2017 08:08:00;14;6
0;Clontarf Street;-8.46562933177544;51.89848186918711;13-07-2017 08:08:00;2;7
0;Kent Station;-8.45821512;51.90196195;13-07-2017 08:08:00;20;9
0;Gaol Walk;-8.494174;51.893604;13-07-2017 08:13:00;11;13
0;Fitzgerald's Park;-8.49341266;51.89555327;13-07-2017 08:13:00;6;6
0;Bandfield;-8.4891363;51.89580557;13-07-2017 08:13:00;8;24
0;Dyke Parade;-8.48458467;51.89718531;13-07-2017 08:13:00;7;4
0;Mercy Hospital;-8.48225676;51.89911495;13-07-2017 08:13:00;8;5
0;St. Fin Barre's Bridge;-8.48196155;51.89710212;13-07-2017 08:13:00;10;10
0;Pope's Quay;-8.477385;51.901632;13-07-2017 08:13:00;13;5
0;North Main St.;-8.47844005;51.89974733;13-07-2017 08:13:00;8;7
0;Grattan St.;-8.47977966;51.8984737;13-07-2017 08:13:00;4;5
0;Wandesford Quay;-8.48004;51.896492;13-07-2017 08:13:00;9;12
0;Bishop St.;-8.4790268;51.89468826;13-07-2017 08:13:00;6;8
0;Camden Quay;-8.473342;51.901054;13-07-2017 08:13:00;13;7
0;Corn Market St.;-8.477;51.9;13-07-2017 08:13:00;13;9
0;Lapp's Quay;-8.465735;51.898144;13-07-2017 08:13:00;7;21
0;St. Patricks St.;-8.47261531;51.89850471;13-07-2017 08:13:00;13;6
0;South Main St.;-8.47689553164735;51.89694605306899;13-07-2017 08:13:00;4;6
0;Grand Parade;-8.47536977381303;51.89748023175811;13-07-2017 08:13:00;7;9
0;Peace Park;-8.47347588279142;51.89619469926869;13-07-2017 08:13:00;6;12
0;South Gate Bridge;-8.47586514429047;51.89549439125871;13-07-2017 08:13:00;6;6
0;Coburg St.;-8.47056736;51.90155283;13-07-2017 08:13:00;6;22
0;Emmet Place;-8.47270466388061;51.90020812214529;13-07-2017 08:13:00;6;14
0;South Mall;-8.46989982762231;51.89683855516081;13-07-2017 08:13:00;11;17
0;College of Commerce;-8.469797;51.8953;13-07-2017 08:13:00;7;14
0;Father Mathew Statue;-8.4706278;51.89967344;13-07-2017 08:13:00;10;5
0;Cork School of Music;-8.46809252166047;51.89631707505499;13-07-2017 08:13:00;5;10
1;Brian Boru Bridge;-8.465153;51.900405;13-07-2017 08:13:00;0;0
0;Bus Station;-8.46695074;51.89951532;13-07-2017 08:13:00;14;6
0;Cork City Hall;-8.466;51.897;13-07-2017 08:13:00;10;3
0;Lower Glanmire Rd.;-8.46411816;51.90137057;13-07-2017 08:13:00;14;6
0;Clontarf Street;-8.46562933177544;51.89848186918711;13-07-2017 08:13:00;2;7
0;Kent Station;-8.45821512;51.90196195;13-07-2017 08:13:00;19;10
0;Gaol Walk;-8.494174;51.893604;13-07-2017 08:18:00;11;13
0;Fitzgerald's Park;-8.49341266;51.89555327;13-07-2017 08:18:00;3;9
0;Bandfield;-8.4891363;51.89580557;13-07-2017 08:18:00;8;24
0;Dyke Parade;-8.48458467;51.89718531;13-07-2017 08:18:00;8;3
0;Mercy Hospital;-8.48225676;51.89911495;13-07-2017 08:18:00;8;5
0;St. Fin Barre's Bridge;-8.48196155;51.89710212;13-07-2017 08:18:00;10;10
0;Pope's Quay;-8.477385;51.901632;13-07-2017 08:18:00;13;5
0;North Main St.;-8.47844005;51.89974733;13-07-2017 08:18:00;8;7
0;Grattan St.;-8.47977966;51.8984737;13-07-2017 08:18:00;4;5
0;Wandesford Quay;-8.48004;51.896492;13-07-2017 08:18:00;9;12
0;Bishop St.;-8.4790268;51.89468826;13-07-2017 08:18:00;6;8
0;Camden Quay;-8.473342;51.901054;13-07-2017 08:18:00;14;6
0;Corn Market St.;-8.477;51.9;13-07-2017 08:18:00;13;9
0;Lapp's Quay;-8.465735;51.898144;13-07-2017 08:18:00;7;21
0;St. Patricks St.;-8.47261531;51.89850471;13-07-2017 08:18:00;13;6
0;South Main St.;-8.47689553164735;51.89694605306899;13-07-2017 08:18:00;4;6
0;Grand Parade;-8.47536977381303;51.89748023175811;13-07-2017 08:18:00;7;9
0;Peace Park;-8.47347588279142;51.89619469926869;13-07-2017 08:18:00;6;12
0;South Gate Bridge;-8.47586514429047;51.89549439125871;13-07-2017 08:18:00;6;6
0;Coburg St.;-8.47056736;51.90155283;13-07-2017 08:18:00;6;22
0;Emmet Place;-8.47270466388061;51.90020812214529;13-07-2017 08:18:00;6;14
0;South Mall;-8.46989982762231;51.89683855516081;13-07-2017 08:18:00;12;16
0;College of Commerce;-8.469797;51.8953;13-07-2017 08:18:00;7;14
0;Father Mathew Statue;-8.4706278;51.89967344;13-07-2017 08:18:00;12;3
0;Cork School of Music;-8.46809252166047;51.89631707505499;13-07-2017 08:18:00;5;10
1;Brian Boru Bridge;-8.465153;51.900405;13-07-2017 08:18:00;0;0
0;Bus Station;-8.46695074;51.89951532;13-07-2017 08:18:00;14;6
0;Cork City Hall;-8.466;51.897;13-07-2017 08:18:00;10;3
0;Lower Glanmire Rd.;-8.46411816;51.90137057;13-07-2017 08:18:00;14;6
0;Clontarf Street;-8.46562933177544;51.89848186918711;13-07-2017 08:18:00;4;5
0;Kent Station;-8.45821512;51.90196195;13-07-2017 08:18:00;25;4
0;Gaol Walk;-8.494174;51.893604;13-07-2017 08:23:00;11;13
0;Fitzgerald's Park;-8.49341266;51.89555327;13-07-2017 08:23:00;1;11
0;Bandfield;-8.4891363;51.89580557;13-07-2017 08:23:00;8;24
0;Dyke Parade;-8.48458467;51.89718531;13-07-2017 08:23:00;8;3
0;Mercy Hospital;-8.48225676;51.89911495;13-07-2017 08:23:00;8;5
0;St. Fin Barre's Bridge;-8.48196155;51.89710212;13-07-2017 08:23:00;10;10
0;Pope's Quay;-8.477385;51.901632;13-07-2017 08:23:00;10;8
0;North Main St.;-8.47844005;51.89974733;13-07-2017 08:23:00;7;8
0;Grattan St.;-8.47977966;51.8984737;13-07-2017 08:23:00;4;5
0;Wandesford Quay;-8.48004;51.896492;13-07-2017 08:23:00;9;12
0;Bishop St.;-8.4790268;51.89468826;13-07-2017 08:23:00;6;8
0;Camden Quay;-8.473342;51.901054;13-07-2017 08:23:00;14;6
0;Corn Market St.;-8.477;51.9;13-07-2017 08:23:00;13;9
0;Lapp's Quay;-8.465735;51.898144;13-07-2017 08:23:00;7;21
0;St. Patricks St.;-8.47261531;51.89850471;13-07-2017 08:23:00;13;6
0;South Main St.;-8.47689553164735;51.89694605306899;13-07-2017 08:23:00;5;5
0;Grand Parade;-8.47536977381303;51.89748023175811;13-07-2017 08:23:00;8;8
0;Peace Park;-8.47347588279142;51.89619469926869;13-07-2017 08:23:00;6;12
0;South Gate Bridge;-8.47586514429047;51.89549439125871;13-07-2017 08:23:00;6;6
0;Coburg St.;-8.47056736;51.90155283;13-07-2017 08:23:00;6;22
0;Emmet Place;-8.47270466388061;51.90020812214529;13-07-2017 08:23:00;6;14
0;South Mall;-8.46989982762231;51.89683855516081;13-07-2017 08:23:00;13;15
0;College of Commerce;-8.469797;51.8953;13-07-2017 08:23:00;6;15
0;Father Mathew Statue;-8.4706278;51.89967344;13-07-2017 08:23:00;12;3
0;Cork School of Music;-8.46809252166047;51.89631707505499;13-07-2017 08:23:00;5;10
1;Brian Boru Bridge;-8.465153;51.900405;13-07-2017 08:23:00;0;0
0;Bus Station;-8.46695074;51.89951532;13-07-2017 08:23:00;14;6
0;Cork City Hall;-8.466;51.897;13-07-2017 08:23:00;5;8
0;Lower Glanmire Rd.;-8.46411816;51.90137057;13-07-2017 08:23:00;14;6
0;Clontarf Street;-8.46562933177544;51.89848186918711;13-07-2017 08:23:00;4;5
0;Kent Station;-8.45821512;51.90196195;13-07-2017 08:23:00;25;4
0;Gaol Walk;-8.494174;51.893604;13-07-2017 08:28:00;11;13
0;Fitzgerald's Park;-8.49341266;51.89555327;13-07-2017 08:28:00;1;11
0;Bandfield;-8.4891363;51.89580557;13-07-2017 08:28:00;6;26
0;Dyke Parade;-8.48458467;51.89718531;13-07-2017 08:28:00;8;3
0;Mercy Hospital;-8.48225676;51.89911495;13-07-2017 08:28:00;8;5
0;St. Fin Barre's Bridge;-8.48196155;51.89710212;13-07-2017 08:28:00;10;10
0;Pope's Quay;-8.477385;51.901632;13-07-2017 08:28:00;9;9
0;North Main St.;-8.47844005;51.89974733;13-07-2017 08:28:00;7;8
0;Grattan St.;-8.47977966;51.8984737;13-07-2017 08:28:00;4;5
0;Wandesford Quay;-8.48004;51.896492;13-07-2017 08:28:00;9;12
0;Bishop St.;-8.4790268;51.89468826;13-07-2017 08:28:00;6;8
0;Camden Quay;-8.473342;51.901054;13-07-2017 08:28:00;12;8
0;Corn Market St.;-8.477;51.9;13-07-2017 08:28:00;13;9
0;Lapp's Quay;-8.465735;51.898144;13-07-2017 08:28:00;6;22
0;St. Patricks St.;-8.47261531;51.89850471;13-07-2017 08:28:00;13;6
0;South Main St.;-8.47689553164735;51.89694605306899;13-07-2017 08:28:00;5;5
0;Grand Parade;-8.47536977381303;51.89748023175811;13-07-2017 08:28:00;7;9
0;Peace Park;-8.47347588279142;51.89619469926869;13-07-2017 08:28:00;7;11
0;South Gate Bridge;-8.47586514429047;51.89549439125871;13-07-2017 08:28:00;5;7
0;Coburg St.;-8.47056736;51.90155283;13-07-2017 08:28:00;7;21
0;Emmet Place;-8.47270466388061;51.90020812214529;13-07-2017 08:28:00;6;14
0;South Mall;-8.46989982762231;51.89683855516081;13-07-2017 08:28:00;13;15
0;College of Commerce;-8.469797;51.8953;13-07-2017 08:28:00;7;14
0;Father Mathew Statue;-8.4706278;51.89967344;13-07-2017 08:28:00;12;3
0;Cork School of Music;-8.46809252166047;51.89631707505499;13-07-2017 08:28:00;5;10
1;Brian Boru Bridge;-8.465153;51.900405;13-07-2017 08:28:00;0;0
0;Bus Station;-8.46695074;51.89951532;13-07-2017 08:28:00;15;5
0;Cork City Hall;-8.466;51.897;13-07-2017 08:28:00;4;9
0;Lower Glanmire Rd.;-8.46411816;51.90137057;13-07-2017 08:28:00;14;6
0;Clontarf Street;-8.46562933177544;51.89848186918711;13-07-2017 08:28:00;4;5
0;Kent Station;-8.45821512;51.90196195;13-07-2017 08:28:00;22;7
0;Gaol Walk;-8.494174;51.893604;13-07-2017 08:33:00;10;14
0;Fitzgerald's Park;-8.49341266;51.89555327;13-07-2017 08:33:00;8;4
0;Bandfield;-8.4891363;51.89580557;13-07-2017 08:33:00;3;29
0;Dyke Parade;-8.48458467;51.89718531;13-07-2017 08:33:00;7;4
0;Mercy Hospital;-8.48225676;51.89911495;13-07-2017 08:33:00;8;5
0;St. Fin Barre's Bridge;-8.48196155;51.89710212;13-07-2017 08:33:00;10;10
0;Pope's Quay;-8.477385;51.901632;13-07-2017 08:33:00;8;10
0;North Main St.;-8.47844005;51.89974733;13-07-2017 08:33:00;6;9
0;Grattan St.;-8.47977966;51.8984737;13-07-2017 08:33:00;4;5
0;Wandesford Quay;-8.48004;51.896492;13-07-2017 08:33:00;9;12
0;Bishop St.;-8.4790268;51.89468826;13-07-2017 08:33:00;6;8
0;Camden Quay;-8.473342;51.901054;13-07-2017 08:33:00;11;9
0;Corn Market St.;-8.477;51.9;13-07-2017 08:33:00;13;9
0;Lapp's Quay;-8.465735;51.898144;13-07-2017 08:33:00;7;21
0;St. Patricks St.;-8.47261531;51.89850471;13-07-2017 08:33:00;12;7
0;South Main St.;-8.47689553164735;51.89694605306899;13-07-2017 08:33:00;5;5
0;Grand Parade;-8.47536977381303;51.89748023175811;13-07-2017 08:33:00;8;8
0;Peace Park;-8.47347588279142;51.89619469926869;13-07-2017 08:33:00;7;11
0;South Gate Bridge;-8.47586514429047;51.89549439125871;13-07-2017 08:33:00;4;8
0;Coburg St.;-8.47056736;51.90155283;13-07-2017 08:33:00;7;21
0;Emmet Place;-8.47270466388061;51.90020812214529;13-07-2017 08:33:00;7;13
0;South Mall;-8.46989982762231;51.89683855516081;13-07-2017 08:33:00;14;14
0;College of Commerce;-8.469797;51.8953;13-07-2017 08:33:00;7;14
0;Father Mathew Statue;-8.4706278;51.89967344;13-07-2017 08:33:00;11;4
0;Cork School of Music;-8.46809252166047;51.89631707505499;13-07-2017 08:33:00;5;10
1;Brian Boru Bridge;-8.465153;51.900405;13-07-2017 08:33:00;0;0
0;Bus Station;-8.46695074;51.89951532;13-07-2017 08:33:00;16;4
0;Cork City Hall;-8.466;51.897;13-07-2017 08:33:00;5;8
0;Lower Glanmire Rd.;-8.46411816;51.90137057;13-07-2017 08:33:00;14;6
0;Clontarf Street;-8.46562933177544;51.89848186918711;13-07-2017 08:33:00;4;5
0;Kent Station;-8.45821512;51.90196195;13-07-2017 08:33:00;23;6
0;Gaol Walk;-8.494174;51.893604;13-07-2017 08:38:00;14;10
0;Fitzgerald's Park;-8.49341266;51.89555327;13-07-2017 08:38:00;10;2
0;Bandfield;-8.4891363;51.89580557;13-07-2017 08:38:00;4;28
0;Dyke Parade;-8.48458467;51.89718531;13-07-2017 08:38:00;7;4
0;Mercy Hospital;-8.48225676;51.89911495;13-07-2017 08:38:00;8;5
0;St. Fin Barre's Bridge;-8.48196155;51.89710212;13-07-2017 08:38:00;10;10
0;Pope's Quay;-8.477385;51.901632;13-07-2017 08:38:00;8;10
0;North Main St.;-8.47844005;51.89974733;13-07-2017 08:38:00;7;8
0;Grattan St.;-8.47977966;51.8984737;13-07-2017 08:38:00;4;5
0;Wandesford Quay;-8.48004;51.896492;13-07-2017 08:38:00;9;12
0;Bishop St.;-8.4790268;51.89468826;13-07-2017 08:38:00;5;9
0;Camden Quay;-8.473342;51.901054;13-07-2017 08:38:00;10;10
0;Corn Market St.;-8.477;51.9;13-07-2017 08:38:00;13;9
0;Lapp's Quay;-8.465735;51.898144;13-07-2017 08:38:00;7;21
0;St. Patricks St.;-8.47261531;51.89850471;13-07-2017 08:38:00;12;7
0;South Main St.;-8.47689553164735;51.89694605306899;13-07-2017 08:38:00;5;5
0;Grand Parade;-8.47536977381303;51.89748023175811;13-07-2017 08:38:00;8;8
0;Peace Park;-8.47347588279142;51.89619469926869;13-07-2017 08:38:00;6;12
0;South Gate Bridge;-8.47586514429047;51.89549439125871;13-07-2017 08:38:00;3;9
0;Coburg St.;-8.47056736;51.90155283;13-07-2017 08:38:00;7;21
0;Emmet Place;-8.47270466388061;51.90020812214529;13-07-2017 08:38:00;7;13
0;South Mall;-8.46989982762231;51.89683855516081;13-07-2017 08:38:00;15;13
0;College of Commerce;-8.469797;51.8953;13-07-2017 08:38:00;7;14
0;Father Mathew Statue;-8.4706278;51.89967344;13-07-2017 08:38:00;12;3
0;Cork School of Music;-8.46809252166047;51.89631707505499;13-07-2017 08:38:00;6;9
1;Brian Boru Bridge;-8.465153;51.900405;13-07-2017 08:38:00;0;0
0;Bus Station;-8.46695074;51.89951532;13-07-2017 08:38:00;16;4
0;Cork City Hall;-8.466;51.897;13-07-2017 08:38:00;6;7
0;Lower Glanmire Rd.;-8.46411816;51.90137057;13-07-2017 08:38:00;14;6
0;Clontarf Street;-8.46562933177544;51.89848186918711;13-07-2017 08:38:00;5;4
0;Kent Station;-8.45821512;51.90196195;13-07-2017 08:38:00;22;7
0;Gaol Walk;-8.494174;51.893604;13-07-2017 08:43:00;13;11
0;Fitzgerald's Park;-8.49341266;51.89555327;13-07-2017 08:43:00;10;2
0;Bandfield;-8.4891363;51.89580557;13-07-2017 08:43:00;4;28
0;Dyke Parade;-8.48458467;51.89718531;13-07-2017 08:43:00;7;4
0;Mercy Hospital;-8.48225676;51.89911495;13-07-2017 08:43:00;8;5
0;St. Fin Barre's Bridge;-8.48196155;51.89710212;13-07-2017 08:43:00;11;9
0;Pope's Quay;-8.477385;51.901632;13-07-2017 08:43:00;8;10
0;North Main St.;-8.47844005;51.89974733;13-07-2017 08:43:00;6;9
0;Grattan St.;-8.47977966;51.8984737;13-07-2017 08:43:00;4;5
0;Wandesford Quay;-8.48004;51.896492;13-07-2017 08:43:00;9;12
0;Bishop St.;-8.4790268;51.89468826;13-07-2017 08:43:00;5;9
0;Camden Quay;-8.473342;51.901054;13-07-2017 08:43:00;9;11
0;Corn Market St.;-8.477;51.9;13-07-2017 08:43:00;13;9
0;Lapp's Quay;-8.465735;51.898144;13-07-2017 08:43:00;6;22
0;St. Patricks St.;-8.47261531;51.89850471;13-07-2017 08:43:00;12;7
0;South Main St.;-8.47689553164735;51.89694605306899;13-07-2017 08:43:00;6;4
0;Grand Parade;-8.47536977381303;51.89748023175811;13-07-2017 08:43:00;8;8
0;Peace Park;-8.47347588279142;51.89619469926869;13-07-2017 08:43:00;7;11
0;South Gate Bridge;-8.47586514429047;51.89549439125871;13-07-2017 08:43:00;4;8
0;Coburg St.;-8.47056736;51.90155283;13-07-2017 08:43:00;8;20
0;Emmet Place;-8.47270466388061;51.90020812214529;13-07-2017 08:43:00;7;13
0;South Mall;-8.46989982762231;51.89683855516081;13-07-2017 08:43:00;15;13
0;College of Commerce;-8.469797;51.8953;13-07-2017 08:43:00;7;14
0;Father Mathew Statue;-8.4706278;51.89967344;13-07-2017 08:43:00;12;3
0;Cork School of Music;-8.46809252166047;51.89631707505499;13-07-2017 08:43:00;5;10
1;Brian Boru Bridge;-8.465153;51.900405;13-07-2017 08:43:00;0;0
0;Bus Station;-8.46695074;51.89951532;13-07-2017 08:43:00;14;6
0;Cork City Hall;-8.466;51.897;13-07-2017 08:43:00;7;6
0;Lower Glanmire Rd.;-8.46411816;51.90137057;13-07-2017 08:43:00;14;6
0;Clontarf Street;-8.46562933177544;51.89848186918711;13-07-2017 08:43:00;5;4
0;Kent Station;-8.45821512;51.90196195;13-07-2017 08:43:00;21;8
0;Gaol Walk;-8.494174;51.893604;13-07-2017 08:48:00;13;11
0;Fitzgerald's Park;-8.49341266;51.89555327;13-07-2017 08:48:00;7;5
0;Bandfield;-8.4891363;51.89580557;13-07-2017 08:48:00;5;27
0;Dyke Parade;-8.48458467;51.89718531;13-07-2017 08:48:00;6;5
0;Mercy Hospital;-8.48225676;51.89911495;13-07-2017 08:48:00;9;4
0;St. Fin Barre's Bridge;-8.48196155;51.89710212;13-07-2017 08:48:00;11;9
0;Pope's Quay;-8.477385;51.901632;13-07-2017 08:48:00;8;10
0;North Main St.;-8.47844005;51.89974733;13-07-2017 08:48:00;6;9
0;Grattan St.;-8.47977966;51.8984737;13-07-2017 08:48:00;4;5
0;Wandesford Quay;-8.48004;51.896492;13-07-2017 08:48:00;7;14
0;Bishop St.;-8.4790268;51.89468826;13-07-2017 08:48:00;5;9
0;Camden Quay;-8.473342;51.901054;13-07-2017 08:48:00;9;11
0;Corn Market St.;-8.477;51.9;13-07-2017 08:48:00;13;9
0;Lapp's Quay;-8.465735;51.898144;13-07-2017 08:48:00;7;21
0;St. Patricks St.;-8.47261531;51.89850471;13-07-2017 08:48:00;12;7
0;South Main St.;-8.47689553164735;51.89694605306899;13-07-2017 08:48:00;7;3
0;Grand Parade;-8.47536977381303;51.89748023175811;13-07-2017 08:48:00;8;8
0;Peace Park;-8.47347588279142;51.89619469926869;13-07-2017 08:48:00;7;11
0;South Gate Bridge;-8.47586514429047;51.89549439125871;13-07-2017 08:48:00;3;9
0;Coburg St.;-8.47056736;51.90155283;13-07-2017 08:48:00;9;19
0;Emmet Place;-8.47270466388061;51.90020812214529;13-07-2017 08:48:00;7;13
0;South Mall;-8.46989982762231;51.89683855516081;13-07-2017 08:48:00;16;12
0;College of Commerce;-8.469797;51.8953;13-07-2017 08:48:00;6;15
0;Father Mathew Statue;-8.4706278;51.89967344;13-07-2017 08:48:00;12;3
0;Cork School of Music;-8.46809252166047;51.89631707505499;13-07-2017 08:48:00;5;10
1;Brian Boru Bridge;-8.465153;51.900405;13-07-2017 08:48:00;0;0
0;Bus Station;-8.46695074;51.89951532;13-07-2017 08:48:00;6;14
0;Cork City Hall;-8.466;51.897;13-07-2017 08:48:00;7;6
0;Lower Glanmire Rd.;-8.46411816;51.90137057;13-07-2017 08:48:00;14;6
0;Clontarf Street;-8.46562933177544;51.89848186918711;13-07-2017 08:48:00;5;4
0;Kent Station;-8.45821512;51.90196195;13-07-2017 08:48:00;20;9
0;Gaol Walk;-8.494174;51.893604;13-07-2017 08:53:00;14;10
0;Fitzgerald's Park;-8.49341266;51.89555327;13-07-2017 08:53:00;7;5
0;Bandfield;-8.4891363;51.89580557;13-07-2017 08:53:00;5;27
0;Dyke Parade;-8.48458467;51.89718531;13-07-2017 08:53:00;6;5
0;Mercy Hospital;-8.48225676;51.89911495;13-07-2017 08:53:00;9;4
0;St. Fin Barre's Bridge;-8.48196155;51.89710212;13-07-2017 08:53:00;11;9
0;Pope's Quay;-8.477385;51.901632;13-07-2017 08:53:00;9;9
0;North Main St.;-8.47844005;51.89974733;13-07-2017 08:53:00;5;10
0;Grattan St.;-8.47977966;51.8984737;13-07-2017 08:53:00;3;6
0;Wandesford Quay;-8.48004;51.896492;13-07-2017 08:53:00;8;13
0;Bishop St.;-8.4790268;51.89468826;13-07-2017 08:53:00;5;9
0;Camden Quay;-8.473342;51.901054;13-07-2017 08:53:00;11;9
0;Corn Market St.;-8.477;51.9;13-07-2017 08:53:00;14;8
0;Lapp's Quay;-8.465735;51.898144;13-07-2017 08:53:00;8;20
0;St. Patricks St.;-8.47261531;51.89850471;13-07-2017 08:53:00;7;12
0;South Main St.;-8.47689553164735;51.89694605306899;13-07-2017 08:53:00;7;3
0;Grand Parade;-8.47536977381303;51.89748023175811;13-07-2017 08:53:00;8;8
0;Peace Park;-8.47347588279142;51.89619469926869;13-07-2017 08:53:00;8;10
0;South Gate Bridge;-8.47586514429047;51.89549439125871;13-07-2017 08:53:00;3;9
0;Coburg St.;-8.47056736;51.90155283;13-07-2017 08:53:00;11;17
0;Emmet Place;-8.47270466388061;51.90020812214529;13-07-2017 08:53:00;8;12
0;South Mall;-8.46989982762231;51.89683855516081;13-07-2017 08:53:00;16;12
0;College of Commerce;-8.469797;51.8953;13-07-2017 08:53:00;5;16
0;Father Mathew Statue;-8.4706278;51.89967344;13-07-2017 08:53:00;5;10
0;Cork School of Music;-8.46809252166047;51.89631707505499;13-07-2017 08:53:00;5;10
1;Brian Boru Bridge;-8.465153;51.900405;13-07-2017 08:53:00;0;0
0;Bus Station;-8.46695074;51.89951532;13-07-2017 08:53:00;5;15
0;Cork City Hall;-8.466;51.897;13-07-2017 08:53:00;7;6
0;Lower Glanmire Rd.;-8.46411816;51.90137057;13-07-2017 08:53:00;14;6
0;Clontarf Street;-8.46562933177544;51.89848186918711;13-07-2017 08:53:00;5;4
0;Kent Station;-8.45821512;51.90196195;13-07-2017 08:53:00;20;9
0;Gaol Walk;-8.494174;51.893604;13-07-2017 08:58:00;14;10
0;Fitzgerald's Park;-8.49341266;51.89555327;13-07-2017 08:58:00;7;5
0;Bandfield;-8.4891363;51.89580557;13-07-2017 08:58:00;5;27
0;Dyke Parade;-8.48458467;51.89718531;13-07-2017 08:58:00;6;5
0;Mercy Hospital;-8.48225676;51.89911495;13-07-2017 08:58:00;9;4
0;St. Fin Barre's Bridge;-8.48196155;51.89710212;13-07-2017 08:58:00;11;9
0;Pope's Quay;-8.477385;51.901632;13-07-2017 08:58:00;8;10
0;North Main St.;-8.47844005;51.89974733;13-07-2017 08:58:00;3;12
0;Grattan St.;-8.47977966;51.8984737;13-07-2017 08:58:00;3;6
0;Wandesford Quay;-8.48004;51.896492;13-07-2017 08:58:00;8;13
0;Bishop St.;-8.4790268;51.89468826;13-07-2017 08:58:00;4;10
0;Camden Quay;-8.473342;51.901054;13-07-2017 08:58:00;11;9
0;Corn Market St.;-8.477;51.9;13-07-2017 08:58:00;14;8
0;Lapp's Quay;-8.465735;51.898144;13-07-2017 08:58:00;9;19
0;St. Patricks St.;-8.47261531;51.89850471;13-07-2017 08:58:00;7;12
0;South Main St.;-8.47689553164735;51.89694605306899;13-07-2017 08:58:00;7;3
0;Grand Parade;-8.47536977381303;51.89748023175811;13-07-2017 08:58:00;8;8
0;Peace Park;-8.47347588279142;51.89619469926869;13-07-2017 08:58:00;8;10
0;South Gate Bridge;-8.47586514429047;51.89549439125871;13-07-2017 08:58:00;3;9
0;Coburg St.;-8.47056736;51.90155283;13-07-2017 08:58:00;10;18
0;Emmet Place;-8.47270466388061;51.90020812214529;13-07-2017 08:58:00;9;11
0;South Mall;-8.46989982762231;51.89683855516081;13-07-2017 08:58:00;17;11
0;College of Commerce;-8.469797;51.8953;13-07-2017 08:58:00;5;16
0;Father Mathew Statue;-8.4706278;51.89967344;13-07-2017 08:58:00;5;10
0;Cork School of Music;-8.46809252166047;51.89631707505499;13-07-2017 08:58:00;5;10
1;Brian Boru Bridge;-8.465153;51.900405;13-07-2017 08:58:00;0;0
0;Bus Station;-8.46695074;51.89951532;13-07-2017 08:58:00;5;15
0;Cork City Hall;-8.466;51.897;13-07-2017 08:58:00;8;5
0;Lower Glanmire Rd.;-8.46411816;51.90137057;13-07-2017 08:58:00;12;8
0;Clontarf Street;-8.46562933177544;51.89848186918711;13-07-2017 08:58:00;5;4
0;Kent Station;-8.45821512;51.90196195;13-07-2017 08:58:00;20;9
0;Gaol Walk;-8.494174;51.893604;13-07-2017 09:03:00;14;10
0;Fitzgerald's Park;-8.49341266;51.89555327;13-07-2017 09:03:00;6;6
0;Bandfield;-8.4891363;51.89580557;13-07-2017 09:03:00;5;27
0;Dyke Parade;-8.48458467;51.89718531;13-07-2017 09:03:00;6;5
0;Mercy Hospital;-8.48225676;51.89911495;13-07-2017 09:03:00;10;3
0;St. Fin Barre's Bridge;-8.48196155;51.89710212;13-07-2017 09:03:00;12;8
0;Pope's Quay;-8.477385;51.901632;13-07-2017 09:03:00;8;10
0;North Main St.;-8.47844005;51.89974733;13-07-2017 09:03:00;3;12
0;Grattan St.;-8.47977966;51.8984737;13-07-2017 09:03:00;3;6
0;Wandesford Quay;-8.48004;51.896492;13-07-2017 09:03:00;8;13
0;Bishop St.;-8.4790268;51.89468826;13-07-2017 09:03:00;4;10
0;Camden Quay;-8.473342;51.901054;13-07-2017 09:03:00;11;9
0;Corn Market St.;-8.477;51.9;13-07-2017 09:03:00;14;8
0;Lapp's Quay;-8.465735;51.898144;13-07-2017 09:03:00;9;19
0;St. Patricks St.;-8.47261531;51.89850471;13-07-2017 09:03:00;7;12
0;South Main St.;-8.47689553164735;51.89694605306899;13-07-2017 09:03:00;7;3
0;Grand Parade;-8.47536977381303;51.89748023175811;13-07-2017 09:03:00;8;8
0;Peace Park;-8.47347588279142;51.89619469926869;13-07-2017 09:03:00;7;11
0;South Gate Bridge;-8.47586514429047;51.89549439125871;13-07-2017 09:03:00;3;9
0;Coburg St.;-8.47056736;51.90155283;13-07-2017 09:03:00;10;18
0;Emmet Place;-8.47270466388061;51.90020812214529;13-07-2017 09:03:00;9;11
0;South Mall;-8.46989982762231;51.89683855516081;13-07-2017 09:03:00;18;10
0;College of Commerce;-8.469797;51.8953;13-07-2017 09:03:00;4;17
0;Father Mathew Statue;-8.4706278;51.89967344;13-07-2017 09:03:00;5;10
0;Cork School of Music;-8.46809252166047;51.89631707505499;13-07-2017 09:03:00;5;10
1;Brian Boru Bridge;-8.465153;51.900405;13-07-2017 09:03:00;0;0
0;Bus Station;-8.46695074;51.89951532;13-07-2017 09:03:00;6;14
0;Cork City Hall;-8.466;51.897;13-07-2017 09:03:00;9;4
0;Lower Glanmire Rd.;-8.46411816;51.90137057;13-07-2017 09:03:00;13;7
0;Clontarf Street;-8.46562933177544;51.89848186918711;13-07-2017 09:03:00;5;4
0;Kent Station;-8.45821512;51.90196195;13-07-2017 09:03:00;19;10
0;Gaol Walk;-8.494174;51.893604;13-07-2017 09:08:00;16;8
0;Fitzgerald's Park;-8.49341266;51.89555327;13-07-2017 09:08:00;4;8
0;Bandfield;-8.4891363;51.89580557;13-07-2017 09:08:00;5;27
0;Dyke Parade;-8.48458467;51.89718531;13-07-2017 09:08:00;6;5
0;Mercy Hospital;-8.48225676;51.89911495;13-07-2017 09:08:00;9;4
0;St. Fin Barre's Bridge;-8.48196155;51.89710212;13-07-2017 09:08:00;12;8
0;Pope's Quay;-8.477385;51.901632;13-07-2017 09:08:00;8;10
0;North Main St.;-8.47844005;51.89974733;13-07-2017 09:08:00;7;8
0;Grattan St.;-8.47977966;51.8984737;13-07-2017 09:08:00;3;6
0;Wandesford Quay;-8.48004;51.896492;13-07-2017 09:08:00;7;14
0;Bishop St.;-8.4790268;51.89468826;13-07-2017 09:08:00;5;9
0;Camden Quay;-8.473342;51.901054;13-07-2017 09:08:00;11;9
0;Corn Market St.;-8.477;51.9;13-07-2017 09:08:00;14;8
0;Lapp's Quay;-8.465735;51.898144;13-07-2017 09:08:00;9;19
0;St. Patricks St.;-8.47261531;51.89850471;13-07-2017 09:08:00;7;12
0;South Main St.;-8.47689553164735;51.89694605306899;13-07-2017 09:08:00;7;3
0;Grand Parade;-8.47536977381303;51.89748023175811;13-07-2017 09:08:00;7;9
0;Peace Park;-8.47347588279142;51.89619469926869;13-07-2017 09:08:00;8;10
0;South Gate Bridge;-8.47586514429047;51.89549439125871;13-07-2017 09:08:00;3;9
0;Coburg St.;-8.47056736;51.90155283;13-07-2017 09:08:00;10;18
0;Emmet Place;-8.47270466388061;51.90020812214529;13-07-2017 09:08:00;9;11
0;South Mall;-8.46989982762231;51.89683855516081;13-07-2017 09:08:00;18;10
0;College of Commerce;-8.469797;51.8953;13-07-2017 09:08:00;4;17
0;Father Mathew Statue;-8.4706278;51.89967344;13-07-2017 09:08:00;5;10
0;Cork School of Music;-8.46809252166047;51.89631707505499;13-07-2017 09:08:00;5;10
1;Brian Boru Bridge;-8.465153;51.900405;13-07-2017 09:08:00;0;0
0;Bus Station;-8.46695074;51.89951532;13-07-2017 09:08:00;6;14
0;Cork City Hall;-8.466;51.897;13-07-2017 09:08:00;8;5
0;Lower Glanmire Rd.;-8.46411816;51.90137057;13-07-2017 09:08:00;13;7
0;Clontarf Street;-8.46562933177544;51.89848186918711;13-07-2017 09:08:00;5;4
0;Kent Station;-8.45821512;51.90196195;13-07-2017 09:08:00;19;10
0;Gaol Walk;-8.494174;51.893604;13-07-2017 09:13:00;18;6
0;Fitzgerald's Park;-8.49341266;51.89555327;13-07-2017 09:13:00;3;9
0;Bandfield;-8.4891363;51.89580557;13-07-2017 09:13:00;7;25
0;Dyke Parade;-8.48458467;51.89718531;13-07-2017 09:13:00;5;6
0;Mercy Hospital;-8.48225676;51.89911495;13-07-2017 09:13:00;11;2
0;St. Fin Barre's Bridge;-8.48196155;51.89710212;13-07-2017 09:13:00;12;8
0;Pope's Quay;-8.477385;51.901632;13-07-2017 09:13:00;8;10
0;North Main St.;-8.47844005;51.89974733;13-07-2017 09:13:00;7;8
0;Grattan St.;-8.47977966;51.8984737;13-07-2017 09:13:00;3;6
0;Wandesford Quay;-8.48004;51.896492;13-07-2017 09:13:00;7;14
0;Bishop St.;-8.4790268;51.89468826;13-07-2017 09:13:00;5;9
0;Camden Quay;-8.473342;51.901054;13-07-2017 09:13:00;11;9
0;Corn Market St.;-8.477;51.9;13-07-2017 09:13:00;13;9
0;Lapp's Quay;-8.465735;51.898144;13-07-2017 09:13:00;8;20
0;St. Patricks St.;-8.47261531;51.89850471;13-07-2017 09:13:00;7;12
0;South Main St.;-8.47689553164735;51.89694605306899;13-07-2017 09:13:00;7;3
0;Grand Parade;-8.47536977381303;51.89748023175811;13-07-2017 09:13:00;9;7
0;Peace Park;-8.47347588279142;51.89619469926869;13-07-2017 09:13:00;8;10
0;South Gate Bridge;-8.47586514429047;51.89549439125871;13-07-2017 09:13:00;7;5
0;Coburg St.;-8.47056736;51.90155283;13-07-2017 09:13:00;10;18
0;Emmet Place;-8.47270466388061;51.90020812214529;13-07-2017 09:13:00;9;11
0;South Mall;-8.46989982762231;51.89683855516081;13-07-2017 09:13:00;18;10
0;College of Commerce;-8.469797;51.8953;13-07-2017 09:13:00;4;17
0;Father Mathew Statue;-8.4706278;51.89967344;13-07-2017 09:13:00;5;10
0;Cork School of Music;-8.46809252166047;51.89631707505499;13-07-2017 09:13:00;5;10
1;Brian Boru Bridge;-8.465153;51.900405;13-07-2017 09:13:00;0;0
0;Bus Station;-8.46695074;51.89951532;13-07-2017 09:13:00;6;14
0;Cork City Hall;-8.466;51.897;13-07-2017 09:13:00;8;5
0;Lower Glanmire Rd.;-8.46411816;51.90137057;13-07-2017 09:13:00;12;8
0;Clontarf Street;-8.46562933177544;51.89848186918711;13-07-2017 09:13:00;5;4
0;Kent Station;-8.45821512;51.90196195;13-07-2017 09:13:00;19;10
0;Gaol Walk;-8.494174;51.893604;13-07-2017 09:18:00;18;6
0;Fitzgerald's Park;-8.49341266;51.89555327;13-07-2017 09:18:00;7;5
0;Bandfield;-8.4891363;51.89580557;13-07-2017 09:18:00;7;25
0;Dyke Parade;-8.48458467;51.89718531;13-07-2017 09:18:00;5;6
0;Mercy Hospital;-8.48225676;51.89911495;13-07-2017 09:18:00;11;2
0;St. Fin Barre's Bridge;-8.48196155;51.89710212;13-07-2017 09:18:00;12;8
0;Pope's Quay;-8.477385;51.901632;13-07-2017 09:18:00;7;11
0;North Main St.;-8.47844005;51.89974733;13-07-2017 09:18:00;7;8
0;Grattan St.;-8.47977966;51.8984737;13-07-2017 09:18:00;3;6
0;Wandesford Quay;-8.48004;51.896492;13-07-2017 09:18:00;7;14
0;Bishop St.;-8.4790268;51.89468826;13-07-2017 09:18:00;6;8
0;Camden Quay;-8.473342;51.901054;13-07-2017 09:18:00;12;8
0;Corn Market St.;-8.477;51.9;13-07-2017 09:18:00;13;9
0;Lapp's Quay;-8.465735;51.898144;13-07-2017 09:18:00;8;20
0;St. Patricks St.;-8.47261531;51.89850471;13-07-2017 09:18:00;7;12
0;South Main St.;-8.47689553164735;51.89694605306899;13-07-2017 09:18:00;9;1
0;Grand Parade;-8.47536977381303;51.89748023175811;13-07-2017 09:18:00;9;7
0;Peace Park;-8.47347588279142;51.89619469926869;13-07-2017 09:18:00;8;10
0;South Gate Bridge;-8.47586514429047;51.89549439125871;13-07-2017 09:18:00;7;5
0;Coburg St.;-8.47056736;51.90155283;13-07-2017 09:18:00;9;19
0;Emmet Place;-8.47270466388061;51.90020812214529;13-07-2017 09:18:00;9;11
0;South Mall;-8.46989982762231;51.89683855516081;13-07-2017 09:18:00;19;9
0;College of Commerce;-8.469797;51.8953;13-07-2017 09:18:00;4;17
0;Father Mathew Statue;-8.4706278;51.89967344;13-07-2017 09:18:00;5;10
0;Cork School of Music;-8.46809252166047;51.89631707505499;13-07-2017 09:18:00;4;11
1;Brian Boru Bridge;-8.465153;51.900405;13-07-2017 09:18:00;0;0
0;Bus Station;-8.46695074;51.89951532;13-07-2017 09:18:00;6;14
0;Cork City Hall;-8.466;51.897;13-07-2017 09:18:00;9;4
0;Lower Glanmire Rd.;-8.46411816;51.90137057;13-07-2017 09:18:00;12;8
0;Clontarf Street;-8.46562933177544;51.89848186918711;13-07-2017 09:18:00;5;4
0;Kent Station;-8.45821512;51.90196195;13-07-2017 09:18:00;18;11
0;Gaol Walk;-8.494174;51.893604;13-07-2017 09:23:00;19;5
0;Fitzgerald's Park;-8.49341266;51.89555327;13-07-2017 09:23:00;7;5
0;Bandfield;-8.4891363;51.89580557;13-07-2017 09:23:00;7;25
0;Dyke Parade;-8.48458467;51.89718531;13-07-2017 09:23:00;6;5
0;Mercy Hospital;-8.48225676;51.89911495;13-07-2017 09:23:00;6;7
0;St. Fin Barre's Bridge;-8.48196155;51.89710212;13-07-2017 09:23:00;13;7
0;Pope's Quay;-8.477385;51.901632;13-07-2017 09:23:00;5;13
0;North Main St.;-8.47844005;51.89974733;13-07-2017 09:23:00;6;9
0;Grattan St.;-8.47977966;51.8984737;13-07-2017 09:23:00;3;6
0;Wandesford Quay;-8.48004;51.896492;13-07-2017 09:23:00;7;14
0;Bishop St.;-8.4790268;51.89468826;13-07-2017 09:23:00;5;9
0;Camden Quay;-8.473342;51.901054;13-07-2017 09:23:00;11;9
0;Corn Market St.;-8.477;51.9;13-07-2017 09:23:00;13;9
0;Lapp's Quay;-8.465735;51.898144;13-07-2017 09:23:00;8;20
0;St. Patricks St.;-8.47261531;51.89850471;13-07-2017 09:23:00;7;12
0;South Main St.;-8.47689553164735;51.89694605306899;13-07-2017 09:23:00;8;2
0;Grand Parade;-8.47536977381303;51.89748023175811;13-07-2017 09:23:00;9;7
0;Peace Park;-8.47347588279142;51.89619469926869;13-07-2017 09:23:00;8;10
0;South Gate Bridge;-8.47586514429047;51.89549439125871;13-07-2017 09:23:00;7;5
0;Coburg St.;-8.47056736;51.90155283;13-07-2017 09:23:00;10;18
0;Emmet Place;-8.47270466388061;51.90020812214529;13-07-2017 09:23:00;9;11
0;South Mall;-8.46989982762231;51.89683855516081;13-07-2017 09:23:00;19;9
0;College of Commerce;-8.469797;51.8953;13-07-2017 09:23:00;4;17
0;Father Mathew Statue;-8.4706278;51.89967344;13-07-2017 09:23:00;5;10
0;Cork School of Music;-8.46809252166047;51.89631707505499;13-07-2017 09:23:00;4;11
1;Brian Boru Bridge;-8.465153;51.900405;13-07-2017 09:23:00;0;0
0;Bus Station;-8.46695074;51.89951532;13-07-2017 09:23:00;7;13
0;Cork City Hall;-8.466;51.897;13-07-2017 09:23:00;9;4
0;Lower Glanmire Rd.;-8.46411816;51.90137057;13-07-2017 09:23:00;13;7
0;Clontarf Street;-8.46562933177544;51.89848186918711;13-07-2017 09:23:00;5;4
0;Kent Station;-8.45821512;51.90196195;13-07-2017 09:23:00;18;11
0;Gaol Walk;-8.494174;51.893604;13-07-2017 09:28:00;19;5
0;Fitzgerald's Park;-8.49341266;51.89555327;13-07-2017 09:28:00;5;7
0;Bandfield;-8.4891363;51.89580557;13-07-2017 09:28:00;7;25
0;Dyke Parade;-8.48458467;51.89718531;13-07-2017 09:28:00;7;4
0;Mercy Hospital;-8.48225676;51.89911495;13-07-2017 09:28:00;6;7
0;St. Fin Barre's Bridge;-8.48196155;51.89710212;13-07-2017 09:28:00;12;8
0;Pope's Quay;-8.477385;51.901632;13-07-2017 09:28:00;5;13
0;North Main St.;-8.47844005;51.89974733;13-07-2017 09:28:00;6;9
0;Grattan St.;-8.47977966;51.8984737;13-07-2017 09:28:00;3;6
0;Wandesford Quay;-8.48004;51.896492;13-07-2017 09:28:00;7;14
0;Bishop St.;-8.4790268;51.89468826;13-07-2017 09:28:00;5;9
0;Camden Quay;-8.473342;51.901054;13-07-2017 09:28:00;8;12
0;Corn Market St.;-8.477;51.9;13-07-2017 09:28:00;13;9
0;Lapp's Quay;-8.465735;51.898144;13-07-2017 09:28:00;8;20
0;St. Patricks St.;-8.47261531;51.89850471;13-07-2017 09:28:00;7;12
0;South Main St.;-8.47689553164735;51.89694605306899;13-07-2017 09:28:00;8;2
0;Grand Parade;-8.47536977381303;51.89748023175811;13-07-2017 09:28:00;10;6
0;Peace Park;-8.47347588279142;51.89619469926869;13-07-2017 09:28:00;9;9
0;South Gate Bridge;-8.47586514429047;51.89549439125871;13-07-2017 09:28:00;7;5
0;Coburg St.;-8.47056736;51.90155283;13-07-2017 09:28:00;11;17
0;Emmet Place;-8.47270466388061;51.90020812214529;13-07-2017 09:28:00;9;11
0;South Mall;-8.46989982762231;51.89683855516081;13-07-2017 09:28:00;19;9
0;College of Commerce;-8.469797;51.8953;13-07-2017 09:28:00;4;17
0;Father Mathew Statue;-8.4706278;51.89967344;13-07-2017 09:28:00;4;11
0;Cork School of Music;-8.46809252166047;51.89631707505499;13-07-2017 09:28:00;4;11
1;Brian Boru Bridge;-8.465153;51.900405;13-07-2017 09:28:00;0;0
0;Bus Station;-8.46695074;51.89951532;13-07-2017 09:28:00;8;12
0;Cork City Hall;-8.466;51.897;13-07-2017 09:28:00;10;3
0;Lower Glanmire Rd.;-8.46411816;51.90137057;13-07-2017 09:28:00;13;7
0;Clontarf Street;-8.46562933177544;51.89848186918711;13-07-2017 09:28:00;5;4
0;Kent Station;-8.45821512;51.90196195;13-07-2017 09:28:00;18;11
0;Gaol Walk;-8.494174;51.893604;13-07-2017 09:33:00;20;4
0;Fitzgerald's Park;-8.49341266;51.89555327;13-07-2017 09:33:00;2;10
0;Bandfield;-8.4891363;51.89580557;13-07-2017 09:33:00;7;25
0;Dyke Parade;-8.48458467;51.89718531;13-07-2017 09:33:00;8;3
0;Mercy Hospital;-8.48225676;51.89911495;13-07-2017 09:33:00;7;6
0;St. Fin Barre's Bridge;-8.48196155;51.89710212;13-07-2017 09:33:00;13;7
0;Pope's Quay;-8.477385;51.901632;13-07-2017 09:33:00;5;13
0;North Main St.;-8.47844005;51.89974733;13-07-2017 09:33:00;6;9
0;Grattan St.;-8.47977966;51.8984737;13-07-2017 09:33:00;3;6
0;Wandesford Quay;-8.48004;51.896492;13-07-2017 09:33:00;7;14
0;Bishop St.;-8.4790268;51.89468826;13-07-2017 09:33:00;5;9
0;Camden Quay;-8.473342;51.901054;13-07-2017 09:33:00;8;12
0;Corn Market St.;-8.477;51.9;13-07-2017 09:33:00;13;9
0;Lapp's Quay;-8.465735;51.898144;13-07-2017 09:33:00;8;20
0;St. Patricks St.;-8.47261531;51.89850471;13-07-2017 09:33:00;7;12
0;South Main St.;-8.47689553164735;51.89694605306899;13-07-2017 09:33:00;8;2
0;Grand Parade;-8.47536977381303;51.89748023175811;13-07-2017 09:33:00;12;4
0;Peace Park;-8.47347588279142;51.89619469926869;13-07-2017 09:33:00;7;11
0;South Gate Bridge;-8.47586514429047;51.89549439125871;13-07-2017 09:33:00;7;5
0;Coburg St.;-8.47056736;51.90155283;13-07-2017 09:33:00;10;18
0;Emmet Place;-8.47270466388061;51.90020812214529;13-07-2017 09:33:00;11;9
0;South Mall;-8.46989982762231;51.89683855516081;13-07-2017 09:33:00;19;9
0;College of Commerce;-8.469797;51.8953;13-07-2017 09:33:00;4;17
0;Father Mathew Statue;-8.4706278;51.89967344;13-07-2017 09:33:00;4;11
0;Cork School of Music;-8.46809252166047;51.89631707505499;13-07-2017 09:33:00;7;8
1;Brian Boru Bridge;-8.465153;51.900405;13-07-2017 09:33:00;0;0
0;Bus Station;-8.46695074;51.89951532;13-07-2017 09:33:00;8;12
0;Cork City Hall;-8.466;51.897;13-07-2017 09:33:00;10;3
0;Lower Glanmire Rd.;-8.46411816;51.90137057;13-07-2017 09:33:00;15;5
0;Clontarf Street;-8.46562933177544;51.89848186918711;13-07-2017 09:33:00;5;4
0;Kent Station;-8.45821512;51.90196195;13-07-2017 09:33:00;16;13
0;Gaol Walk;-8.494174;51.893604;13-07-2017 09:38:00;20;4
0;Fitzgerald's Park;-8.49341266;51.89555327;13-07-2017 09:38:00;1;11
0;Bandfield;-8.4891363;51.89580557;13-07-2017 09:38:00;7;25
0;Dyke Parade;-8.48458467;51.89718531;13-07-2017 09:38:00;8;3
0;Mercy Hospital;-8.48225676;51.89911495;13-07-2017 09:38:00;7;6
0;St. Fin Barre's Bridge;-8.48196155;51.89710212;13-07-2017 09:38:00;14;6
0;Pope's Quay;-8.477385;51.901632;13-07-2017 09:38:00;3;15
0;North Main St.;-8.47844005;51.89974733;13-07-2017 09:38:00;5;10
0;Grattan St.;-8.47977966;51.8984737;13-07-2017 09:38:00;4;5
0;Wandesford Quay;-8.48004;51.896492;13-07-2017 09:38:00;7;14
0;Bishop St.;-8.4790268;51.89468826;13-07-2017 09:38:00;5;9
0;Camden Quay;-8.473342;51.901054;13-07-2017 09:38:00;8;12
0;Corn Market St.;-8.477;51.9;13-07-2017 09:38:00;13;9
0;Lapp's Quay;-8.465735;51.898144;13-07-2017 09:38:00;7;21
0;St. Patricks St.;-8.47261531;51.89850471;13-07-2017 09:38:00;7;12
0;South Main St.;-8.47689553164735;51.89694605306899;13-07-2017 09:38:00;8;2
0;Grand Parade;-8.47536977381303;51.89748023175811;13-07-2017 09:38:00;12;4
0;Peace Park;-8.47347588279142;51.89619469926869;13-07-2017 09:38:00;6;12
0;South Gate Bridge;-8.47586514429047;51.89549439125871;13-07-2017 09:38:00;6;6
0;Coburg St.;-8.47056736;51.90155283;13-07-2017 09:38:00;10;18
0;Emmet Place;-8.47270466388061;51.90020812214529;13-07-2017 09:38:00;11;9
0;South Mall;-8.46989982762231;51.89683855516081;13-07-2017 09:38:00;19;9
0;College of Commerce;-8.469797;51.8953;13-07-2017 09:38:00;12;9
0;Father Mathew Statue;-8.4706278;51.89967344;13-07-2017 09:38:00;4;11
0;Cork School of Music;-8.46809252166047;51.89631707505499;13-07-2017 09:38:00;7;8
1;Brian Boru Bridge;-8.465153;51.900405;13-07-2017 09:38:00;0;0
0;Bus Station;-8.46695074;51.89951532;13-07-2017 09:38:00;8;12
0;Cork City Hall;-8.466;51.897;13-07-2017 09:38:00;9;4
0;Lower Glanmire Rd.;-8.46411816;51.90137057;13-07-2017 09:38:00;14;6
0;Clontarf Street;-8.46562933177544;51.89848186918711;13-07-2017 09:38:00;5;4
0;Kent Station;-8.45821512;51.90196195;13-07-2017 09:38:00;16;13
0;Gaol Walk;-8.494174;51.893604;13-07-2017 09:43:00;22;2
0;Fitzgerald's Park;-8.49341266;51.89555327;13-07-2017 09:43:00;2;10
0;Bandfield;-8.4891363;51.89580557;13-07-2017 09:43:00;7;25
0;Dyke Parade;-8.48458467;51.89718531;13-07-2017 09:43:00;9;2
0;Mercy Hospital;-8.48225676;51.89911495;13-07-2017 09:43:00;7;6
0;St. Fin Barre's Bridge;-8.48196155;51.89710212;13-07-2017 09:43:00;14;6
0;Pope's Quay;-8.477385;51.901632;13-07-2017 09:43:00;4;14
0;North Main St.;-8.47844005;51.89974733;13-07-2017 09:43:00;5;10
0;Grattan St.;-8.47977966;51.8984737;13-07-2017 09:43:00;4;5
0;Wandesford Quay;-8.48004;51.896492;13-07-2017 09:43:00;8;13
0;Bishop St.;-8.4790268;51.89468826;13-07-2017 09:43:00;5;9
0;Camden Quay;-8.473342;51.901054;13-07-2017 09:43:00;9;11
0;Corn Market St.;-8.477;51.9;13-07-2017 09:43:00;13;9
0;Lapp's Quay;-8.465735;51.898144;13-07-2017 09:43:00;8;20
0;St. Patricks St.;-8.47261531;51.89850471;13-07-2017 09:43:00;7;12
0;South Main St.;-8.47689553164735;51.89694605306899;13-07-2017 09:43:00;8;2
0;Grand Parade;-8.47536977381303;51.89748023175811;13-07-2017 09:43:00;13;3
0;Peace Park;-8.47347588279142;51.89619469926869;13-07-2017 09:43:00;6;12
0;South Gate Bridge;-8.47586514429047;51.89549439125871;13-07-2017 09:43:00;6;6
0;Coburg St.;-8.47056736;51.90155283;13-07-2017 09:43:00;10;18
0;Emmet Place;-8.47270466388061;51.90020812214529;13-07-2017 09:43:00;11;9
0;South Mall;-8.46989982762231;51.89683855516081;13-07-2017 09:43:00;20;8
0;College of Commerce;-8.469797;51.8953;13-07-2017 09:43:00;12;9
0;Father Mathew Statue;-8.4706278;51.89967344;13-07-2017 09:43:00;3;12
0;Cork School of Music;-8.46809252166047;51.89631707505499;13-07-2017 09:43:00;7;8
1;Brian Boru Bridge;-8.465153;51.900405;13-07-2017 09:43:00;0;0
0;Bus Station;-8.46695074;51.89951532;13-07-2017 09:43:00;8;12
0;Cork City Hall;-8.466;51.897;13-07-2017 09:43:00;10;3
0;Lower Glanmire Rd.;-8.46411816;51.90137057;13-07-2017 09:43:00;14;6
0;Clontarf Street;-8.46562933177544;51.89848186918711;13-07-2017 09:43:00;5;4
0;Kent Station;-8.45821512;51.90196195;13-07-2017 09:43:00;16;13
0;Gaol Walk;-8.494174;51.893604;13-07-2017 09:48:00;22;2
0;Fitzgerald's Park;-8.49341266;51.89555327;13-07-2017 09:48:00;0;12
0;Bandfield;-8.4891363;51.89580557;13-07-2017 09:48:00;7;25
0;Dyke Parade;-8.48458467;51.89718531;13-07-2017 09:48:00;9;2
0;Mercy Hospital;-8.48225676;51.89911495;13-07-2017 09:48:00;7;6
0;St. Fin Barre's Bridge;-8.48196155;51.89710212;13-07-2017 09:48:00;15;5
0;Pope's Quay;-8.477385;51.901632;13-07-2017 09:48:00;2;16
0;North Main St.;-8.47844005;51.89974733;13-07-2017 09:48:00;5;10
0;Grattan St.;-8.47977966;51.8984737;13-07-2017 09:48:00;4;5
0;Wandesford Quay;-8.48004;51.896492;13-07-2017 09:48:00;8;13
0;Bishop St.;-8.4790268;51.89468826;13-07-2017 09:48:00;5;9
0;Camden Quay;-8.473342;51.901054;13-07-2017 09:48:00;9;11
0;Corn Market St.;-8.477;51.9;13-07-2017 09:48:00;13;9
0;Lapp's Quay;-8.465735;51.898144;13-07-2017 09:48:00;8;20
0;St. Patricks St.;-8.47261531;51.89850471;13-07-2017 09:48:00;7;12
0;South Main St.;-8.47689553164735;51.89694605306899;13-07-2017 09:48:00;8;2
0;Grand Parade;-8.47536977381303;51.89748023175811;13-07-2017 09:48:00;12;4
0;Peace Park;-8.47347588279142;51.89619469926869;13-07-2017 09:48:00;6;12
0;South Gate Bridge;-8.47586514429047;51.89549439125871;13-07-2017 09:48:00;6;6
0;Coburg St.;-8.47056736;51.90155283;13-07-2017 09:48:00;10;18
0;Emmet Place;-8.47270466388061;51.90020812214529;13-07-2017 09:48:00;11;9
0;South Mall;-8.46989982762231;51.89683855516081;13-07-2017 09:48:00;20;8
0;College of Commerce;-8.469797;51.8953;13-07-2017 09:48:00;12;9
0;Father Mathew Statue;-8.4706278;51.89967344;13-07-2017 09:48:00;3;12
0;Cork School of Music;-8.46809252166047;51.89631707505499;13-07-2017 09:48:00;7;8
1;Brian Boru Bridge;-8.465153;51.900405;13-07-2017 09:48:00;0;0
0;Bus Station;-8.46695074;51.89951532;13-07-2017 09:48:00;8;12
0;Cork City Hall;-8.466;51.897;13-07-2017 09:48:00;10;3
0;Lower Glanmire Rd.;-8.46411816;51.90137057;13-07-2017 09:48:00;14;6
0;Clontarf Street;-8.46562933177544;51.89848186918711;13-07-2017 09:48:00;5;4
0;Kent Station;-8.45821512;51.90196195;13-07-2017 09:48:00;16;13
0;Gaol Walk;-8.494174;51.893604;13-07-2017 09:53:00;23;1
0;Fitzgerald's Park;-8.49341266;51.89555327;13-07-2017 09:53:00;0;12
0;Bandfield;-8.4891363;51.89580557;13-07-2017 09:53:00;7;25
0;Dyke Parade;-8.48458467;51.89718531;13-07-2017 09:53:00;9;2
0;Mercy Hospital;-8.48225676;51.89911495;13-07-2017 09:53:00;7;6
0;St. Fin Barre's Bridge;-8.48196155;51.89710212;13-07-2017 09:53:00;16;4
0;Pope's Quay;-8.477385;51.901632;13-07-2017 09:53:00;2;16
0;North Main St.;-8.47844005;51.89974733;13-07-2017 09:53:00;5;10
0;Grattan St.;-8.47977966;51.8984737;13-07-2017 09:53:00;5;4
0;Wandesford Quay;-8.48004;51.896492;13-07-2017 09:53:00;8;13
0;Bishop St.;-8.4790268;51.89468826;13-07-2017 09:53:00;5;9
0;Camden Quay;-8.473342;51.901054;13-07-2017 09:53:00;9;11
0;Corn Market St.;-8.477;51.9;13-07-2017 09:53:00;13;9
0;Lapp's Quay;-8.465735;51.898144;13-07-2017 09:53:00;8;20
0;St. Patricks St.;-8.47261531;51.89850471;13-07-2017 09:53:00;7;12
0;South Main St.;-8.47689553164735;51.89694605306899;13-07-2017 09:53:00;8;2
0;Grand Parade;-8.47536977381303;51.89748023175811;13-07-2017 09:53:00;12;4
0;Peace Park;-8.47347588279142;51.89619469926869;13-07-2017 09:53:00;6;12
0;South Gate Bridge;-8.47586514429047;51.89549439125871;13-07-2017 09:53:00;6;6
0;Coburg St.;-8.47056736;51.90155283;13-07-2017 09:53:00;10;18
0;Emmet Place;-8.47270466388061;51.90020812214529;13-07-2017 09:53:00;11;9
0;South Mall;-8.46989982762231;51.89683855516081;13-07-2017 09:53:00;20;8
0;College of Commerce;-8.469797;51.8953;13-07-2017 09:53:00;12;9
0;Father Mathew Statue;-8.4706278;51.89967344;13-07-2017 09:53:00;3;12
0;Cork School of Music;-8.46809252166047;51.89631707505499;13-07-2017 09:53:00;7;8
1;Brian Boru Bridge;-8.465153;51.900405;13-07-2017 09:53:00;0;0
0;Bus Station;-8.46695074;51.89951532;13-07-2017 09:53:00;8;12
0;Cork City Hall;-8.466;51.897;13-07-2017 09:53:00;10;3
0;Lower Glanmire Rd.;-8.46411816;51.90137057;13-07-2017 09:53:00;16;4
0;Clontarf Street;-8.46562933177544;51.89848186918711;13-07-2017 09:53:00;5;4
0;Kent Station;-8.45821512;51.90196195;13-07-2017 09:53:00;16;13
0;Gaol Walk;-8.494174;51.893604;13-07-2017 09:58:00;23;1
0;Fitzgerald's Park;-8.49341266;51.89555327;13-07-2017 09:58:00;0;12
0;Bandfield;-8.4891363;51.89580557;13-07-2017 09:58:00;6;26
0;Dyke Parade;-8.48458467;51.89718531;13-07-2017 09:58:00;9;2
0;Mercy Hospital;-8.48225676;51.89911495;13-07-2017 09:58:00;7;6
0;St. Fin Barre's Bridge;-8.48196155;51.89710212;13-07-2017 09:58:00;16;4
0;Pope's Quay;-8.477385;51.901632;13-07-2017 09:58:00;1;17
0;North Main St.;-8.47844005;51.89974733;13-07-2017 09:58:00;4;11
0;Grattan St.;-8.47977966;51.8984737;13-07-2017 09:58:00;5;4
0;Wandesford Quay;-8.48004;51.896492;13-07-2017 09:58:00;8;13
0;Bishop St.;-8.4790268;51.89468826;13-07-2017 09:58:00;5;9
0;Camden Quay;-8.473342;51.901054;13-07-2017 09:58:00;9;11
0;Corn Market St.;-8.477;51.9;13-07-2017 09:58:00;13;9
0;Lapp's Quay;-8.465735;51.898144;13-07-2017 09:58:00;8;20
0;St. Patricks St.;-8.47261531;51.89850471;13-07-2017 09:58:00;7;12
0;South Main St.;-8.47689553164735;51.89694605306899;13-07-2017 09:58:00;8;2
0;Grand Parade;-8.47536977381303;51.89748023175811;13-07-2017 09:58:00;6;10
0;Peace Park;-8.47347588279142;51.89619469926869;13-07-2017 09:58:00;6;12
0;South Gate Bridge;-8.47586514429047;51.89549439125871;13-07-2017 09:58:00;6;6
0;Coburg St.;-8.47056736;51.90155283;13-07-2017 09:58:00;10;18
0;Emmet Place;-8.47270466388061;51.90020812214529;13-07-2017 09:58:00;10;10
0;South Mall;-8.46989982762231;51.89683855516081;13-07-2017 09:58:00;20;8
0;College of Commerce;-8.469797;51.8953;13-07-2017 09:58:00;11;10
0;Father Mathew Statue;-8.4706278;51.89967344;13-07-2017 09:58:00;3;12
0;Cork School of Music;-8.46809252166047;51.89631707505499;13-07-2017 09:58:00;7;8
1;Brian Boru Bridge;-8.465153;51.900405;13-07-2017 09:58:00;0;0
0;Bus Station;-8.46695074;51.89951532;13-07-2017 09:58:00;8;12
0;Cork City Hall;-8.466;51.897;13-07-2017 09:58:00;10;3
0;Lower Glanmire Rd.;-8.46411816;51.90137057;13-07-2017 09:58:00;16;4
0;Clontarf Street;-8.46562933177544;51.89848186918711;13-07-2017 09:58:00;5;4
0;Kent Station;-8.45821512;51.90196195;13-07-2017 09:58:00;16;13
0;Gaol Walk;-8.494174;51.893604;13-07-2017 10:03:00;23;1
0;Fitzgerald's Park;-8.49341266;51.89555327;13-07-2017 10:03:00;1;11
0;Bandfield;-8.4891363;51.89580557;13-07-2017 10:03:00;5;27
0;Dyke Parade;-8.48458467;51.89718531;13-07-2017 10:03:00;9;2
0;Mercy Hospital;-8.48225676;51.89911495;13-07-2017 10:03:00;7;6
0;St. Fin Barre's Bridge;-8.48196155;51.89710212;13-07-2017 10:03:00;17;3
0;Pope's Quay;-8.477385;51.901632;13-07-2017 10:03:00;1;17
0;North Main St.;-8.47844005;51.89974733;13-07-2017 10:03:00;4;11
0;Grattan St.;-8.47977966;51.8984737;13-07-2017 10:03:00;5;4
0;Wandesford Quay;-8.48004;51.896492;13-07-2017 10:03:00;8;13
0;Bishop St.;-8.4790268;51.89468826;13-07-2017 10:03:00;5;9
0;Camden Quay;-8.473342;51.901054;13-07-2017 10:03:00;9;11
0;Corn Market St.;-8.477;51.9;13-07-2017 10:03:00;13;9
0;Lapp's Quay;-8.465735;51.898144;13-07-2017 10:03:00;8;20
0;St. Patricks St.;-8.47261531;51.89850471;13-07-2017 10:03:00;8;11
0;South Main St.;-8.47689553164735;51.89694605306899;13-07-2017 10:03:00;9;1
0;Grand Parade;-8.47536977381303;51.89748023175811;13-07-2017 10:03:00;6;10
0;Peace Park;-8.47347588279142;51.89619469926869;13-07-2017 10:03:00;6;12
0;South Gate Bridge;-8.47586514429047;51.89549439125871;13-07-2017 10:03:00;6;6
0;Coburg St.;-8.47056736;51.90155283;13-07-2017 10:03:00;10;18
0;Emmet Place;-8.47270466388061;51.90020812214529;13-07-2017 10:03:00;10;10
0;South Mall;-8.46989982762231;51.89683855516081;13-07-2017 10:03:00;20;8
0;College of Commerce;-8.469797;51.8953;13-07-2017 10:03:00;11;10
0;Father Mathew Statue;-8.4706278;51.89967344;13-07-2017 10:03:00;3;12
0;Cork School of Music;-8.46809252166047;51.89631707505499;13-07-2017 10:03:00;7;8
1;Brian Boru Bridge;-8.465153;51.900405;13-07-2017 10:03:00;0;0
0;Bus Station;-8.46695074;51.89951532;13-07-2017 10:03:00;8;12
0;Cork City Hall;-8.466;51.897;13-07-2017 10:03:00;9;4
0;Lower Glanmire Rd.;-8.46411816;51.90137057;13-07-2017 10:03:00;16;4
0;Clontarf Street;-8.46562933177544;51.89848186918711;13-07-2017 10:03:00;5;4
0;Kent Station;-8.45821512;51.90196195;13-07-2017 10:03:00;16;13
0;Gaol Walk;-8.494174;51.893604;13-07-2017 10:08:00;24;0
0;Fitzgerald's Park;-8.49341266;51.89555327;13-07-2017 10:08:00;7;5
0;Bandfield;-8.4891363;51.89580557;13-07-2017 10:08:00;5;27
0;Dyke Parade;-8.48458467;51.89718531;13-07-2017 10:08:00;9;2
0;Mercy Hospital;-8.48225676;51.89911495;13-07-2017 10:08:00;7;6
0;St. Fin Barre's Bridge;-8.48196155;51.89710212;13-07-2017 10:08:00;17;3
0;Pope's Quay;-8.477385;51.901632;13-07-2017 10:08:00;1;17
0;North Main St.;-8.47844005;51.89974733;13-07-2017 10:08:00;4;11
0;Grattan St.;-8.47977966;51.8984737;13-07-2017 10:08:00;5;4
0;Wandesford Quay;-8.48004;51.896492;13-07-2017 10:08:00;8;13
0;Bishop St.;-8.4790268;51.89468826;13-07-2017 10:08:00;5;9
0;Camden Quay;-8.473342;51.901054;13-07-2017 10:08:00;10;10
0;Corn Market St.;-8.477;51.9;13-07-2017 10:08:00;13;9
0;Lapp's Quay;-8.465735;51.898144;13-07-2017 10:08:00;8;20
0;St. Patricks St.;-8.47261531;51.89850471;13-07-2017 10:08:00;8;11
0;South Main St.;-8.47689553164735;51.89694605306899;13-07-2017 10:08:00;9;1
0;Grand Parade;-8.47536977381303;51.89748023175811;13-07-2017 10:08:00;7;9
0;Peace Park;-8.47347588279142;51.89619469926869;13-07-2017 10:08:00;6;12
0;South Gate Bridge;-8.47586514429047;51.89549439125871;13-07-2017 10:08:00;6;6
0;Coburg St.;-8.47056736;51.90155283;13-07-2017 10:08:00;10;18
0;Emmet Place;-8.47270466388061;51.90020812214529;13-07-2017 10:08:00;9;11
0;South Mall;-8.46989982762231;51.89683855516081;13-07-2017 10:08:00;20;8
0;College of Commerce;-8.469797;51.8953;13-07-2017 10:08:00;11;10
0;Father Mathew Statue;-8.4706278;51.89967344;13-07-2017 10:08:00;3;12
0;Cork School of Music;-8.46809252166047;51.89631707505499;13-07-2017 10:08:00;7;8
1;Brian Boru Bridge;-8.465153;51.900405;13-07-2017 10:08:00;0;0
0;Bus Station;-8.46695074;51.89951532;13-07-2017 10:08:00;8;12
0;Cork City Hall;-8.466;51.897;13-07-2017 10:08:00;9;4
0;Lower Glanmire Rd.;-8.46411816;51.90137057;13-07-2017 10:08:00;16;4
0;Clontarf Street;-8.46562933177544;51.89848186918711;13-07-2017 10:08:00;5;4
0;Kent Station;-8.45821512;51.90196195;13-07-2017 10:08:00;16;13
0;Gaol Walk;-8.494174;51.893604;13-07-2017 10:13:00;14;10
0;Fitzgerald's Park;-8.49341266;51.89555327;13-07-2017 10:13:00;7;5
0;Bandfield;-8.4891363;51.89580557;13-07-2017 10:13:00;5;27
0;Dyke Parade;-8.48458467;51.89718531;13-07-2017 10:13:00;9;2
0;Mercy Hospital;-8.48225676;51.89911495;13-07-2017 10:13:00;7;6
0;St. Fin Barre's Bridge;-8.48196155;51.89710212;13-07-2017 10:13:00;17;3
0;Pope's Quay;-8.477385;51.901632;13-07-2017 10:13:00;1;17
0;North Main St.;-8.47844005;51.89974733;13-07-2017 10:13:00;5;10
0;Grattan St.;-8.47977966;51.8984737;13-07-2017 10:13:00;5;4
0;Wandesford Quay;-8.48004;51.896492;13-07-2017 10:13:00;8;13
0;Bishop St.;-8.4790268;51.89468826;13-07-2017 10:13:00;5;9
0;Camden Quay;-8.473342;51.901054;13-07-2017 10:13:00;10;10
0;Corn Market St.;-8.477;51.9;13-07-2017 10:13:00;13;9
0;Lapp's Quay;-8.465735;51.898144;13-07-2017 10:13:00;8;20
0;St. Patricks St.;-8.47261531;51.89850471;13-07-2017 10:13:00;8;11
0;South Main St.;-8.47689553164735;51.89694605306899;13-07-2017 10:13:00;9;1
0;Grand Parade;-8.47536977381303;51.89748023175811;13-07-2017 10:13:00;7;9
0;Peace Park;-8.47347588279142;51.89619469926869;13-07-2017 10:13:00;5;13
0;South Gate Bridge;-8.47586514429047;51.89549439125871;13-07-2017 10:13:00;6;6
0;Coburg St.;-8.47056736;51.90155283;13-07-2017 10:13:00;10;18
0;Emmet Place;-8.47270466388061;51.90020812214529;13-07-2017 10:13:00;9;11
0;South Mall;-8.46989982762231;51.89683855516081;13-07-2017 10:13:00;20;8
0;College of Commerce;-8.469797;51.8953;13-07-2017 10:13:00;11;10
0;Father Mathew Statue;-8.4706278;51.89967344;13-07-2017 10:13:00;3;12
0;Cork School of Music;-8.46809252166047;51.89631707505499;13-07-2017 10:13:00;7;8
1;Brian Boru Bridge;-8.465153;51.900405;13-07-2017 10:13:00;0;0
0;Bus Station;-8.46695074;51.89951532;13-07-2017 10:13:00;8;12
0;Cork City Hall;-8.466;51.897;13-07-2017 10:13:00;9;4
0;Lower Glanmire Rd.;-8.46411816;51.90137057;13-07-2017 10:13:00;16;4
0;Clontarf Street;-8.46562933177544;51.89848186918711;13-07-2017 10:13:00;6;3
0;Kent Station;-8.45821512;51.90196195;13-07-2017 10:13:00;16;13
0;Gaol Walk;-8.494174;51.893604;13-07-2017 10:18:00;14;10
0;Fitzgerald's Park;-8.49341266;51.89555327;13-07-2017 10:18:00;7;5
0;Bandfield;-8.4891363;51.89580557;13-07-2017 10:18:00;5;27
0;Dyke Parade;-8.48458467;51.89718531;13-07-2017 10:18:00;9;2
0;Mercy Hospital;-8.48225676;51.89911495;13-07-2017 10:18:00;7;6
0;St. Fin Barre's Bridge;-8.48196155;51.89710212;13-07-2017 10:18:00;18;2
0;Pope's Quay;-8.477385;51.901632;13-07-2017 10:18:00;1;17
0;North Main St.;-8.47844005;51.89974733;13-07-2017 10:18:00;4;11
0;Grattan St.;-8.47977966;51.8984737;13-07-2017 10:18:00;5;4
0;Wandesford Quay;-8.48004;51.896492;13-07-2017 10:18:00;8;13
0;Bishop St.;-8.4790268;51.89468826;13-07-2017 10:18:00;5;9
0;Camden Quay;-8.473342;51.901054;13-07-2017 10:18:00;9;11
0;Corn Market St.;-8.477;51.9;13-07-2017 10:18:00;13;9
0;Lapp's Quay;-8.465735;51.898144;13-07-2017 10:18:00;8;20
0;St. Patricks St.;-8.47261531;51.89850471;13-07-2017 10:18:00;8;11
0;South Main St.;-8.47689553164735;51.89694605306899;13-07-2017 10:18:00;9;1
0;Grand Parade;-8.47536977381303;51.89748023175811;13-07-2017 10:18:00;7;9
0;Peace Park;-8.47347588279142;51.89619469926869;13-07-2017 10:18:00;5;13
0;South Gate Bridge;-8.47586514429047;51.89549439125871;13-07-2017 10:18:00;6;6
0;Coburg St.;-8.47056736;51.90155283;13-07-2017 10:18:00;10;18
0;Emmet Place;-8.47270466388061;51.90020812214529;13-07-2017 10:18:00;9;11
0;South Mall;-8.46989982762231;51.89683855516081;13-07-2017 10:18:00;20;8
0;College of Commerce;-8.469797;51.8953;13-07-2017 10:18:00;11;10
0;Father Mathew Statue;-8.4706278;51.89967344;13-07-2017 10:18:00;3;12
0;Cork School of Music;-8.46809252166047;51.89631707505499;13-07-2017 10:18:00;7;8
1;Brian Boru Bridge;-8.465153;51.900405;13-07-2017 10:18:00;0;0
0;Bus Station;-8.46695074;51.89951532;13-07-2017 10:18:00;8;12
0;Cork City Hall;-8.466;51.897;13-07-2017 10:18:00;9;4
0;Lower Glanmire Rd.;-8.46411816;51.90137057;13-07-2017 10:18:00;16;4
0;Clontarf Street;-8.46562933177544;51.89848186918711;13-07-2017 10:18:00;6;3
0;Kent Station;-8.45821512;51.90196195;13-07-2017 10:18:00;16;13
0;Gaol Walk;-8.494174;51.893604;13-07-2017 10:23:00;14;10
0;Fitzgerald's Park;-8.49341266;51.89555327;13-07-2017 10:23:00;7;5
0;Bandfield;-8.4891363;51.89580557;13-07-2017 10:23:00;5;27
0;Dyke Parade;-8.48458467;51.89718531;13-07-2017 10:23:00;9;2
0;Mercy Hospital;-8.48225676;51.89911495;13-07-2017 10:23:00;7;6
0;St. Fin Barre's Bridge;-8.48196155;51.89710212;13-07-2017 10:23:00;18;2
0;Pope's Quay;-8.477385;51.901632;13-07-2017 10:23:00;5;13
0;North Main St.;-8.47844005;51.89974733;13-07-2017 10:23:00;4;11
0;Grattan St.;-8.47977966;51.8984737;13-07-2017 10:23:00;6;3
0;Wandesford Quay;-8.48004;51.896492;13-07-2017 10:23:00;8;13
0;Bishop St.;-8.4790268;51.89468826;13-07-2017 10:23:00;5;9
0;Camden Quay;-8.473342;51.901054;13-07-2017 10:23:00;6;14
0;Corn Market St.;-8.477;51.9;13-07-2017 10:23:00;13;9
0;Lapp's Quay;-8.465735;51.898144;13-07-2017 10:23:00;8;20
0;St. Patricks St.;-8.47261531;51.89850471;13-07-2017 10:23:00;8;11
0;South Main St.;-8.47689553164735;51.89694605306899;13-07-2017 10:23:00;9;1
0;Grand Parade;-8.47536977381303;51.89748023175811;13-07-2017 10:23:00;7;9
0;Peace Park;-8.47347588279142;51.89619469926869;13-07-2017 10:23:00;5;13
0;South Gate Bridge;-8.47586514429047;51.89549439125871;13-07-2017 10:23:00;6;6
0;Coburg St.;-8.47056736;51.90155283;13-07-2017 10:23:00;9;19
0;Emmet Place;-8.47270466388061;51.90020812214529;13-07-2017 10:23:00;9;11
0;South Mall;-8.46989982762231;51.89683855516081;13-07-2017 10:23:00;20;8
0;College of Commerce;-8.469797;51.8953;13-07-2017 10:23:00;12;9
0;Father Mathew Statue;-8.4706278;51.89967344;13-07-2017 10:23:00;3;12
0;Cork School of Music;-8.46809252166047;51.89631707505499;13-07-2017 10:23:00;7;8
1;Brian Boru Bridge;-8.465153;51.900405;13-07-2017 10:23:00;0;0
0;Bus Station;-8.46695074;51.89951532;13-07-2017 10:23:00;8;12
0;Cork City Hall;-8.466;51.897;13-07-2017 10:23:00;9;4
0;Lower Glanmire Rd.;-8.46411816;51.90137057;13-07-2017 10:23:00;16;4
0;Clontarf Street;-8.46562933177544;51.89848186918711;13-07-2017 10:23:00;6;3
0;Kent Station;-8.45821512;51.90196195;13-07-2017 10:23:00;16;13
0;Gaol Walk;-8.494174;51.893604;13-07-2017 10:28:00;14;10
0;Fitzgerald's Park;-8.49341266;51.89555327;13-07-2017 10:28:00;5;7
0;Bandfield;-8.4891363;51.89580557;13-07-2017 10:28:00;5;27
0;Dyke Parade;-8.48458467;51.89718531;13-07-2017 10:28:00;9;2
0;Mercy Hospital;-8.48225676;51.89911495;13-07-2017 10:28:00;7;6
0;St. Fin Barre's Bridge;-8.48196155;51.89710212;13-07-2017 10:28:00;18;2
0;Pope's Quay;-8.477385;51.901632;13-07-2017 10:28:00;9;9
0;North Main St.;-8.47844005;51.89974733;13-07-2017 10:28:00;4;11
0;Grattan St.;-8.47977966;51.8984737;13-07-2017 10:28:00;6;3
0;Wandesford Quay;-8.48004;51.896492;13-07-2017 10:28:00;8;13
0;Bishop St.;-8.4790268;51.89468826;13-07-2017 10:28:00;5;9
0;Camden Quay;-8.473342;51.901054;13-07-2017 10:28:00;6;14
0;Corn Market St.;-8.477;51.9;13-07-2017 10:28:00;13;9
0;Lapp's Quay;-8.465735;51.898144;13-07-2017 10:28:00;9;19
0;St. Patricks St.;-8.47261531;51.89850471;13-07-2017 10:28:00;8;11
0;South Main St.;-8.47689553164735;51.89694605306899;13-07-2017 10:28:00;9;1
0;Grand Parade;-8.47536977381303;51.89748023175811;13-07-2017 10:28:00;8;8
0;Peace Park;-8.47347588279142;51.89619469926869;13-07-2017 10:28:00;5;13
0;South Gate Bridge;-8.47586514429047;51.89549439125871;13-07-2017 10:28:00;6;6
0;Coburg St.;-8.47056736;51.90155283;13-07-2017 10:28:00;9;19
0;Emmet Place;-8.47270466388061;51.90020812214529;13-07-2017 10:28:00;9;11
0;South Mall;-8.46989982762231;51.89683855516081;13-07-2017 10:28:00;20;8
0;College of Commerce;-8.469797;51.8953;13-07-2017 10:28:00;12;9
0;Father Mathew Statue;-8.4706278;51.89967344;13-07-2017 10:28:00;3;12
0;Cork School of Music;-8.46809252166047;51.89631707505499;13-07-2017 10:28:00;7;8
1;Brian Boru Bridge;-8.465153;51.900405;13-07-2017 10:28:00;0;0
0;Bus Station;-8.46695074;51.89951532;13-07-2017 10:28:00;8;12
0;Cork City Hall;-8.466;51.897;13-07-2017 10:28:00;9;4
0;Lower Glanmire Rd.;-8.46411816;51.90137057;13-07-2017 10:28:00;15;5
0;Clontarf Street;-8.46562933177544;51.89848186918711;13-07-2017 10:28:00;6;3
0;Kent Station;-8.45821512;51.90196195;13-07-2017 10:28:00;16;13
0;Gaol Walk;-8.494174;51.893604;13-07-2017 10:33:00;14;10
0;Fitzgerald's Park;-8.49341266;51.89555327;13-07-2017 10:33:00;5;7
0;Bandfield;-8.4891363;51.89580557;13-07-2017 10:33:00;6;26
0;Dyke Parade;-8.48458467;51.89718531;13-07-2017 10:33:00;9;2
0;Mercy Hospital;-8.48225676;51.89911495;13-07-2017 10:33:00;7;6
0;St. Fin Barre's Bridge;-8.48196155;51.89710212;13-07-2017 10:33:00;17;3
0;Pope's Quay;-8.477385;51.901632;13-07-2017 10:33:00;9;9
0;North Main St.;-8.47844005;51.89974733;13-07-2017 10:33:00;4;11
0;Grattan St.;-8.47977966;51.8984737;13-07-2017 10:33:00;6;3
0;Wandesford Quay;-8.48004;51.896492;13-07-2017 10:33:00;8;13
0;Bishop St.;-8.4790268;51.89468826;13-07-2017 10:33:00;5;9
0;Camden Quay;-8.473342;51.901054;13-07-2017 10:33:00;6;14
0;Corn Market St.;-8.477;51.9;13-07-2017 10:33:00;13;9
0;Lapp's Quay;-8.465735;51.898144;13-07-2017 10:33:00;9;19
0;St. Patricks St.;-8.47261531;51.89850471;13-07-2017 10:33:00;8;11
0;South Main St.;-8.47689553164735;51.89694605306899;13-07-2017 10:33:00;9;1
0;Grand Parade;-8.47536977381303;51.89748023175811;13-07-2017 10:33:00;8;8
0;Peace Park;-8.47347588279142;51.89619469926869;13-07-2017 10:33:00;5;13
0;South Gate Bridge;-8.47586514429047;51.89549439125871;13-07-2017 10:33:00;6;6
0;Coburg St.;-8.47056736;51.90155283;13-07-2017 10:33:00;9;19
0;Emmet Place;-8.47270466388061;51.90020812214529;13-07-2017 10:33:00;9;11
0;South Mall;-8.46989982762231;51.89683855516081;13-07-2017 10:33:00;20;8
0;College of Commerce;-8.469797;51.8953;13-07-2017 10:33:00;12;9
0;Father Mathew Statue;-8.4706278;51.89967344;13-07-2017 10:33:00;3;12
0;Cork School of Music;-8.46809252166047;51.89631707505499;13-07-2017 10:33:00;8;7
1;Brian Boru Bridge;-8.465153;51.900405;13-07-2017 10:33:00;0;0
0;Bus Station;-8.46695074;51.89951532;13-07-2017 10:33:00;8;12
0;Cork City Hall;-8.466;51.897;13-07-2017 10:33:00;9;4
0;Lower Glanmire Rd.;-8.46411816;51.90137057;13-07-2017 10:33:00;15;5
0;Clontarf Street;-8.46562933177544;51.89848186918711;13-07-2017 10:33:00;6;3
0;Kent Station;-8.45821512;51.90196195;13-07-2017 10:33:00;16;13
0;Gaol Walk;-8.494174;51.893604;13-07-2017 10:38:00;14;10
0;Fitzgerald's Park;-8.49341266;51.89555327;13-07-2017 10:38:00;5;7
0;Bandfield;-8.4891363;51.89580557;13-07-2017 10:38:00;6;26
0;Dyke Parade;-8.48458467;51.89718531;13-07-2017 10:38:00;9;2
0;Mercy Hospital;-8.48225676;51.89911495;13-07-2017 10:38:00;7;6
0;St. Fin Barre's Bridge;-8.48196155;51.89710212;13-07-2017 10:38:00;17;3
0;Pope's Quay;-8.477385;51.901632;13-07-2017 10:38:00;9;9
0;North Main St.;-8.47844005;51.89974733;13-07-2017 10:38:00;4;11
0;Grattan St.;-8.47977966;51.8984737;13-07-2017 10:38:00;6;3
0;Wandesford Quay;-8.48004;51.896492;13-07-2017 10:38:00;8;13
0;Bishop St.;-8.4790268;51.89468826;13-07-2017 10:38:00;5;9
0;Camden Quay;-8.473342;51.901054;13-07-2017 10:38:00;6;14
0;Corn Market St.;-8.477;51.9;13-07-2017 10:38:00;13;9
0;Lapp's Quay;-8.465735;51.898144;13-07-2017 10:38:00;10;18
0;St. Patricks St.;-8.47261531;51.89850471;13-07-2017 10:38:00;9;10
0;South Main St.;-8.47689553164735;51.89694605306899;13-07-2017 10:38:00;9;1
0;Grand Parade;-8.47536977381303;51.89748023175811;13-07-2017 10:38:00;8;8
0;Peace Park;-8.47347588279142;51.89619469926869;13-07-2017 10:38:00;5;13
0;South Gate Bridge;-8.47586514429047;51.89549439125871;13-07-2017 10:38:00;8;4
0;Coburg St.;-8.47056736;51.90155283;13-07-2017 10:38:00;9;19
0;Emmet Place;-8.47270466388061;51.90020812214529;13-07-2017 10:38:00;9;11
0;South Mall;-8.46989982762231;51.89683855516081;13-07-2017 10:38:00;20;8
0;College of Commerce;-8.469797;51.8953;13-07-2017 10:38:00;12;9
0;Father Mathew Statue;-8.4706278;51.89967344;13-07-2017 10:38:00;3;12
0;Cork School of Music;-8.46809252166047;51.89631707505499;13-07-2017 10:38:00;8;7
1;Brian Boru Bridge;-8.465153;51.900405;13-07-2017 10:38:00;0;0
0;Bus Station;-8.46695074;51.89951532;13-07-2017 10:38:00;8;12
0;Cork City Hall;-8.466;51.897;13-07-2017 10:38:00;9;4
0;Lower Glanmire Rd.;-8.46411816;51.90137057;13-07-2017 10:38:00;15;5
0;Clontarf Street;-8.46562933177544;51.89848186918711;13-07-2017 10:38:00;6;3
0;Kent Station;-8.45821512;51.90196195;13-07-2017 10:38:00;16;13
0;Gaol Walk;-8.494174;51.893604;13-07-2017 10:43:00;14;10
0;Fitzgerald's Park;-8.49341266;51.89555327;13-07-2017 10:43:00;5;7
0;Bandfield;-8.4891363;51.89580557;13-07-2017 10:43:00;6;26
0;Dyke Parade;-8.48458467;51.89718531;13-07-2017 10:43:00;9;2
0;Mercy Hospital;-8.48225676;51.89911495;13-07-2017 10:43:00;7;6
0;St. Fin Barre's Bridge;-8.48196155;51.89710212;13-07-2017 10:43:00;17;3
0;Pope's Quay;-8.477385;51.901632;13-07-2017 10:43:00;9;9
0;North Main St.;-8.47844005;51.89974733;13-07-2017 10:43:00;4;11
0;Grattan St.;-8.47977966;51.8984737;13-07-2017 10:43:00;6;3
0;Wandesford Quay;-8.48004;51.896492;13-07-2017 10:43:00;8;13
0;Bishop St.;-8.4790268;51.89468826;13-07-2017 10:43:00;5;9
0;Camden Quay;-8.473342;51.901054;13-07-2017 10:43:00;6;14
0;Corn Market St.;-8.477;51.9;13-07-2017 10:43:00;13;9
0;Lapp's Quay;-8.465735;51.898144;13-07-2017 10:43:00;10;18
0;St. Patricks St.;-8.47261531;51.89850471;13-07-2017 10:43:00;9;10
0;South Main St.;-8.47689553164735;51.89694605306899;13-07-2017 10:43:00;9;1
0;Grand Parade;-8.47536977381303;51.89748023175811;13-07-2017 10:43:00;8;8
0;Peace Park;-8.47347588279142;51.89619469926869;13-07-2017 10:43:00;5;13
0;South Gate Bridge;-8.47586514429047;51.89549439125871;13-07-2017 10:43:00;8;4
0;Coburg St.;-8.47056736;51.90155283;13-07-2017 10:43:00;9;19
0;Emmet Place;-8.47270466388061;51.90020812214529;13-07-2017 10:43:00;9;11
0;South Mall;-8.46989982762231;51.89683855516081;13-07-2017 10:43:00;20;8
0;College of Commerce;-8.469797;51.8953;13-07-2017 10:43:00;12;9
0;Father Mathew Statue;-8.4706278;51.89967344;13-07-2017 10:43:00;3;12
0;Cork School of Music;-8.46809252166047;51.89631707505499;13-07-2017 10:43:00;7;8
1;Brian Boru Bridge;-8.465153;51.900405;13-07-2017 10:43:00;0;0
0;Bus Station;-8.46695074;51.89951532;13-07-2017 10:43:00;8;12
0;Cork City Hall;-8.466;51.897;13-07-2017 10:43:00;8;5
0;Lower Glanmire Rd.;-8.46411816;51.90137057;13-07-2017 10:43:00;15;5
0;Clontarf Street;-8.46562933177544;51.89848186918711;13-07-2017 10:43:00;6;3
0;Kent Station;-8.45821512;51.90196195;13-07-2017 10:43:00;15;14
0;Gaol Walk;-8.494174;51.893604;13-07-2017 10:48:00;14;10
0;Fitzgerald's Park;-8.49341266;51.89555327;13-07-2017 10:48:00;2;10
0;Bandfield;-8.4891363;51.89580557;13-07-2017 10:48:00;6;26
0;Dyke Parade;-8.48458467;51.89718531;13-07-2017 10:48:00;10;1
0;Mercy Hospital;-8.48225676;51.89911495;13-07-2017 10:48:00;7;6
0;St. Fin Barre's Bridge;-8.48196155;51.89710212;13-07-2017 10:48:00;17;3
0;Pope's Quay;-8.477385;51.901632;13-07-2017 10:48:00;9;9
0;North Main St.;-8.47844005;51.89974733;13-07-2017 10:48:00;4;11
0;Grattan St.;-8.47977966;51.8984737;13-07-2017 10:48:00;6;3
0;Wandesford Quay;-8.48004;51.896492;13-07-2017 10:48:00;8;13
0;Bishop St.;-8.4790268;51.89468826;13-07-2017 10:48:00;5;9
0;Camden Quay;-8.473342;51.901054;13-07-2017 10:48:00;5;15
0;Corn Market St.;-8.477;51.9;13-07-2017 10:48:00;13;9
0;Lapp's Quay;-8.465735;51.898144;13-07-2017 10:48:00;10;18
0;St. Patricks St.;-8.47261531;51.89850471;13-07-2017 10:48:00;10;9
0;South Main St.;-8.47689553164735;51.89694605306899;13-07-2017 10:48:00;9;1
0;Grand Parade;-8.47536977381303;51.89748023175811;13-07-2017 10:48:00;7;9
0;Peace Park;-8.47347588279142;51.89619469926869;13-07-2017 10:48:00;4;14
0;South Gate Bridge;-8.47586514429047;51.89549439125871;13-07-2017 10:48:00;8;4
0;Coburg St.;-8.47056736;51.90155283;13-07-2017 10:48:00;9;19
0;Emmet Place;-8.47270466388061;51.90020812214529;13-07-2017 10:48:00;9;11
0;South Mall;-8.46989982762231;51.89683855516081;13-07-2017 10:48:00;20;8
0;College of Commerce;-8.469797;51.8953;13-07-2017 10:48:00;12;9
0;Father Mathew Statue;-8.4706278;51.89967344;13-07-2017 10:48:00;5;10
0;Cork School of Music;-8.46809252166047;51.89631707505499;13-07-2017 10:48:00;7;8
1;Brian Boru Bridge;-8.465153;51.900405;13-07-2017 10:48:00;0;0
0;Bus Station;-8.46695074;51.89951532;13-07-2017 10:48:00;8;12
0;Cork City Hall;-8.466;51.897;13-07-2017 10:48:00;8;5
0;Lower Glanmire Rd.;-8.46411816;51.90137057;13-07-2017 10:48:00;15;5
0;Clontarf Street;-8.46562933177544;51.89848186918711;13-07-2017 10:48:00;6;3
0;Kent Station;-8.45821512;51.90196195;13-07-2017 10:48:00;15;14
0;Gaol Walk;-8.494174;51.893604;13-07-2017 10:53:00;14;10
0;Fitzgerald's Park;-8.49341266;51.89555327;13-07-2017 10:53:00;2;10
0;Bandfield;-8.4891363;51.89580557;13-07-2017 10:53:00;7;25
0;Dyke Parade;-8.48458467;51.89718531;13-07-2017 10:53:00;10;1
0;Mercy Hospital;-8.48225676;51.89911495;13-07-2017 10:53:00;8;5
0;St. Fin Barre's Bridge;-8.48196155;51.89710212;13-07-2017 10:53:00;17;3
0;Pope's Quay;-8.477385;51.901632;13-07-2017 10:53:00;8;10
0;North Main St.;-8.47844005;51.89974733;13-07-2017 10:53:00;4;11
0;Grattan St.;-8.47977966;51.8984737;13-07-2017 10:53:00;7;2
0;Wandesford Quay;-8.48004;51.896492;13-07-2017 10:53:00;8;13
0;Bishop St.;-8.4790268;51.89468826;13-07-2017 10:53:00;5;9
0;Camden Quay;-8.473342;51.901054;13-07-2017 10:53:00;5;15
0;Corn Market St.;-8.477;51.9;13-07-2017 10:53:00;13;9
0;Lapp's Quay;-8.465735;51.898144;13-07-2017 10:53:00;10;18
0;St. Patricks St.;-8.47261531;51.89850471;13-07-2017 10:53:00;11;8
0;South Main St.;-8.47689553164735;51.89694605306899;13-07-2017 10:53:00;9;1
0;Grand Parade;-8.47536977381303;51.89748023175811;13-07-2017 10:53:00;8;8
0;Peace Park;-8.47347588279142;51.89619469926869;13-07-2017 10:53:00;4;14
0;South Gate Bridge;-8.47586514429047;51.89549439125871;13-07-2017 10:53:00;8;4
0;Coburg St.;-8.47056736;51.90155283;13-07-2017 10:53:00;9;19
0;Emmet Place;-8.47270466388061;51.90020812214529;13-07-2017 10:53:00;9;11
0;South Mall;-8.46989982762231;51.89683855516081;13-07-2017 10:53:00;20;8
0;College of Commerce;-8.469797;51.8953;13-07-2017 10:53:00;12;9
0;Father Mathew Statue;-8.4706278;51.89967344;13-07-2017 10:53:00;5;10
0;Cork School of Music;-8.46809252166047;51.89631707505499;13-07-2017 10:53:00;7;8
1;Brian Boru Bridge;-8.465153;51.900405;13-07-2017 10:53:00;0;0
0;Bus Station;-8.46695074;51.89951532;13-07-2017 10:53:00;8;12
0;Cork City Hall;-8.466;51.897;13-07-2017 10:53:00;8;5
0;Lower Glanmire Rd.;-8.46411816;51.90137057;13-07-2017 10:53:00;15;5
0;Clontarf Street;-8.46562933177544;51.89848186918711;13-07-2017 10:53:00;6;3
0;Kent Station;-8.45821512;51.90196195;13-07-2017 10:53:00;15;14
0;Gaol Walk;-8.494174;51.893604;13-07-2017 10:58:00;15;9
0;Fitzgerald's Park;-8.49341266;51.89555327;13-07-2017 10:58:00;2;10
0;Bandfield;-8.4891363;51.89580557;13-07-2017 10:58:00;7;25
0;Dyke Parade;-8.48458467;51.89718531;13-07-2017 10:58:00;10;1
0;Mercy Hospital;-8.48225676;51.89911495;13-07-2017 10:58:00;8;5
0;St. Fin Barre's Bridge;-8.48196155;51.89710212;13-07-2017 10:58:00;17;3
0;Pope's Quay;-8.477385;51.901632;13-07-2017 10:58:00;8;10
0;North Main St.;-8.47844005;51.89974733;13-07-2017 10:58:00;4;11
0;Grattan St.;-8.47977966;51.8984737;13-07-2017 10:58:00;7;2
0;Wandesford Quay;-8.48004;51.896492;13-07-2017 10:58:00;8;13
0;Bishop St.;-8.4790268;51.89468826;13-07-2017 10:58:00;5;9
0;Camden Quay;-8.473342;51.901054;13-07-2017 10:58:00;5;15
0;Corn Market St.;-8.477;51.9;13-07-2017 10:58:00;13;9
0;Lapp's Quay;-8.465735;51.898144;13-07-2017 10:58:00;10;18
0;St. Patricks St.;-8.47261531;51.89850471;13-07-2017 10:58:00;11;8
0;South Main St.;-8.47689553164735;51.89694605306899;13-07-2017 10:58:00;9;1
0;Grand Parade;-8.47536977381303;51.89748023175811;13-07-2017 10:58:00;9;7
0;Peace Park;-8.47347588279142;51.89619469926869;13-07-2017 10:58:00;4;14
0;South Gate Bridge;-8.47586514429047;51.89549439125871;13-07-2017 10:58:00;8;4
0;Coburg St.;-8.47056736;51.90155283;13-07-2017 10:58:00;9;19
0;Emmet Place;-8.47270466388061;51.90020812214529;13-07-2017 10:58:00;9;11
0;South Mall;-8.46989982762231;51.89683855516081;13-07-2017 10:58:00;20;8
0;College of Commerce;-8.469797;51.8953;13-07-2017 10:58:00;12;9
0;Father Mathew Statue;-8.4706278;51.89967344;13-07-2017 10:58:00;5;10
0;Cork School of Music;-8.46809252166047;51.89631707505499;13-07-2017 10:58:00;7;8
1;Brian Boru Bridge;-8.465153;51.900405;13-07-2017 10:58:00;0;0
0;Bus Station;-8.46695074;51.89951532;13-07-2017 10:58:00;8;12
0;Cork City Hall;-8.466;51.897;13-07-2017 10:58:00;8;5
0;Lower Glanmire Rd.;-8.46411816;51.90137057;13-07-2017 10:58:00;15;6
0;Clontarf Street;-8.46562933177544;51.89848186918711;13-07-2017 10:58:00;6;3
0;Kent Station;-8.45821512;51.90196195;13-07-2017 10:58:00;15;14
0;Gaol Walk;-8.494174;51.893604;13-07-2017 11:03:00;15;9
0;Fitzgerald's Park;-8.49341266;51.89555327;13-07-2017 11:03:00;1;11
0;Bandfield;-8.4891363;51.89580557;13-07-2017 11:03:00;7;25
0;Dyke Parade;-8.48458467;51.89718531;13-07-2017 11:03:00;10;1
0;Mercy Hospital;-8.48225676;51.89911495;13-07-2017 11:03:00;8;5
0;St. Fin Barre's Bridge;-8.48196155;51.89710212;13-07-2017 11:03:00;17;3
0;Pope's Quay;-8.477385;51.901632;13-07-2017 11:03:00;8;10
0;North Main St.;-8.47844005;51.89974733;13-07-2017 11:03:00;4;11
0;Grattan St.;-8.47977966;51.8984737;13-07-2017 11:03:00;7;2
0;Wandesford Quay;-8.48004;51.896492;13-07-2017 11:03:00;8;13
0;Bishop St.;-8.4790268;51.89468826;13-07-2017 11:03:00;5;9
0;Camden Quay;-8.473342;51.901054;13-07-2017 11:03:00;3;17
0;Corn Market St.;-8.477;51.9;13-07-2017 11:03:00;13;9
0;Lapp's Quay;-8.465735;51.898144;13-07-2017 11:03:00;9;19
0;St. Patricks St.;-8.47261531;51.89850471;13-07-2017 11:03:00;11;8
0;South Main St.;-8.47689553164735;51.89694605306899;13-07-2017 11:03:00;9;1
0;Grand Parade;-8.47536977381303;51.89748023175811;13-07-2017 11:03:00;9;7
0;Peace Park;-8.47347588279142;51.89619469926869;13-07-2017 11:03:00;4;14
0;South Gate Bridge;-8.47586514429047;51.89549439125871;13-07-2017 11:03:00;8;4
0;Coburg St.;-8.47056736;51.90155283;13-07-2017 11:03:00;9;19
0;Emmet Place;-8.47270466388061;51.90020812214529;13-07-2017 11:03:00;9;11
0;South Mall;-8.46989982762231;51.89683855516081;13-07-2017 11:03:00;20;8
0;College of Commerce;-8.469797;51.8953;13-07-2017 11:03:00;12;9
0;Father Mathew Statue;-8.4706278;51.89967344;13-07-2017 11:03:00;5;10
0;Cork School of Music;-8.46809252166047;51.89631707505499;13-07-2017 11:03:00;7;8
1;Brian Boru Bridge;-8.465153;51.900405;13-07-2017 11:03:00;0;0
0;Bus Station;-8.46695074;51.89951532;13-07-2017 11:03:00;8;12
0;Cork City Hall;-8.466;51.897;13-07-2017 11:03:00;8;5
0;Lower Glanmire Rd.;-8.46411816;51.90137057;13-07-2017 11:03:00;15;6
0;Clontarf Street;-8.46562933177544;51.89848186918711;13-07-2017 11:03:00;6;3
0;Kent Station;-8.45821512;51.90196195;13-07-2017 11:03:00;14;15
0;Gaol Walk;-8.494174;51.893604;13-07-2017 11:08:00;15;9
0;Fitzgerald's Park;-8.49341266;51.89555327;13-07-2017 11:08:00;1;11
0;Bandfield;-8.4891363;51.89580557;13-07-2017 11:08:00;7;25
0;Dyke Parade;-8.48458467;51.89718531;13-07-2017 11:08:00;10;1
0;Mercy Hospital;-8.48225676;51.89911495;13-07-2017 11:08:00;8;5
0;St. Fin Barre's Bridge;-8.48196155;51.89710212;13-07-2017 11:08:00;17;3
0;Pope's Quay;-8.477385;51.901632;13-07-2017 11:08:00;8;10
0;North Main St.;-8.47844005;51.89974733;13-07-2017 11:08:00;4;11
0;Grattan St.;-8.47977966;51.8984737;13-07-2017 11:08:00;7;2
0;Wandesford Quay;-8.48004;51.896492;13-07-2017 11:08:00;8;13
0;Bishop St.;-8.4790268;51.89468826;13-07-2017 11:08:00;5;9
0;Camden Quay;-8.473342;51.901054;13-07-2017 11:08:00;3;17
0;Corn Market St.;-8.477;51.9;13-07-2017 11:08:00;13;9
0;Lapp's Quay;-8.465735;51.898144;13-07-2017 11:08:00;9;19
0;St. Patricks St.;-8.47261531;51.89850471;13-07-2017 11:08:00;11;8
0;South Main St.;-8.47689553164735;51.89694605306899;13-07-2017 11:08:00;9;1
0;Grand Parade;-8.47536977381303;51.89748023175811;13-07-2017 11:08:00;9;7
0;Peace Park;-8.47347588279142;51.89619469926869;13-07-2017 11:08:00;4;14
0;South Gate Bridge;-8.47586514429047;51.89549439125871;13-07-2017 11:08:00;8;4
0;Coburg St.;-8.47056736;51.90155283;13-07-2017 11:08:00;9;19
0;Emmet Place;-8.47270466388061;51.90020812214529;13-07-2017 11:08:00;8;12
0;South Mall;-8.46989982762231;51.89683855516081;13-07-2017 11:08:00;20;8
0;College of Commerce;-8.469797;51.8953;13-07-2017 11:08:00;11;10
0;Father Mathew Statue;-8.4706278;51.89967344;13-07-2017 11:08:00;5;10
0;Cork School of Music;-8.46809252166047;51.89631707505499;13-07-2017 11:08:00;7;8
1;Brian Boru Bridge;-8.465153;51.900405;13-07-2017 11:08:00;0;0
0;Bus Station;-8.46695074;51.89951532;13-07-2017 11:08:00;8;12
0;Cork City Hall;-8.466;51.897;13-07-2017 11:08:00;8;5
0;Lower Glanmire Rd.;-8.46411816;51.90137057;13-07-2017 11:08:00;15;6
0;Clontarf Street;-8.46562933177544;51.89848186918711;13-07-2017 11:08:00;6;3
0;Kent Station;-8.45821512;51.90196195;13-07-2017 11:08:00;14;15
0;Gaol Walk;-8.494174;51.893604;13-07-2017 11:13:00;15;9
0;Fitzgerald's Park;-8.49341266;51.89555327;13-07-2017 11:13:00;1;11
0;Bandfield;-8.4891363;51.89580557;13-07-2017 11:13:00;7;25
0;Dyke Parade;-8.48458467;51.89718531;13-07-2017 11:13:00;10;1
0;Mercy Hospital;-8.48225676;51.89911495;13-07-2017 11:13:00;8;5
0;St. Fin Barre's Bridge;-8.48196155;51.89710212;13-07-2017 11:13:00;17;3
0;Pope's Quay;-8.477385;51.901632;13-07-2017 11:13:00;9;9
0;North Main St.;-8.47844005;51.89974733;13-07-2017 11:13:00;4;11
0;Grattan St.;-8.47977966;51.8984737;13-07-2017 11:13:00;8;1
0;Wandesford Quay;-8.48004;51.896492;13-07-2017 11:13:00;7;14
0;Bishop St.;-8.4790268;51.89468826;13-07-2017 11:13:00;5;9
0;Camden Quay;-8.473342;51.901054;13-07-2017 11:13:00;3;17
0;Corn Market St.;-8.477;51.9;13-07-2017 11:13:00;13;9
0;Lapp's Quay;-8.465735;51.898144;13-07-2017 11:13:00;9;19
0;St. Patricks St.;-8.47261531;51.89850471;13-07-2017 11:13:00;11;8
0;South Main St.;-8.47689553164735;51.89694605306899;13-07-2017 11:13:00;9;1
0;Grand Parade;-8.47536977381303;51.89748023175811;13-07-2017 11:13:00;10;6
0;Peace Park;-8.47347588279142;51.89619469926869;13-07-2017 11:13:00;4;14
0;South Gate Bridge;-8.47586514429047;51.89549439125871;13-07-2017 11:13:00;8;4
0;Coburg St.;-8.47056736;51.90155283;13-07-2017 11:13:00;9;19
0;Emmet Place;-8.47270466388061;51.90020812214529;13-07-2017 11:13:00;8;12
0;South Mall;-8.46989982762231;51.89683855516081;13-07-2017 11:13:00;20;8
0;College of Commerce;-8.469797;51.8953;13-07-2017 11:13:00;11;10
0;Father Mathew Statue;-8.4706278;51.89967344;13-07-2017 11:13:00;5;10
0;Cork School of Music;-8.46809252166047;51.89631707505499;13-07-2017 11:13:00;7;8
1;Brian Boru Bridge;-8.465153;51.900405;13-07-2017 11:13:00;0;0
0;Bus Station;-8.46695074;51.89951532;13-07-2017 11:13:00;8;12
0;Cork City Hall;-8.466;51.897;13-07-2017 11:13:00;7;6
0;Lower Glanmire Rd.;-8.46411816;51.90137057;13-07-2017 11:13:00;15;6
0;Clontarf Street;-8.46562933177544;51.89848186918711;13-07-2017 11:13:00;6;3
0;Kent Station;-8.45821512;51.90196195;13-07-2017 11:13:00;13;16
0;Gaol Walk;-8.494174;51.893604;13-07-2017 11:18:00;15;9
0;Fitzgerald's Park;-8.49341266;51.89555327;13-07-2017 11:18:00;2;10
0;Bandfield;-8.4891363;51.89580557;13-07-2017 11:18:00;7;25
0;Dyke Parade;-8.48458467;51.89718531;13-07-2017 11:18:00;10;1
0;Mercy Hospital;-8.48225676;51.89911495;13-07-2017 11:18:00;8;5
0;St. Fin Barre's Bridge;-8.48196155;51.89710212;13-07-2017 11:18:00;17;3
0;Pope's Quay;-8.477385;51.901632;13-07-2017 11:18:00;9;9
0;North Main St.;-8.47844005;51.89974733;13-07-2017 11:18:00;4;11
0;Grattan St.;-8.47977966;51.8984737;13-07-2017 11:18:00;8;1
0;Wandesford Quay;-8.48004;51.896492;13-07-2017 11:18:00;7;14
0;Bishop St.;-8.4790268;51.89468826;13-07-2017 11:18:00;5;9
0;Camden Quay;-8.473342;51.901054;13-07-2017 11:18:00;4;16
0;Corn Market St.;-8.477;51.9;13-07-2017 11:18:00;13;9
0;Lapp's Quay;-8.465735;51.898144;13-07-2017 11:18:00;9;19
0;St. Patricks St.;-8.47261531;51.89850471;13-07-2017 11:18:00;11;8
0;South Main St.;-8.47689553164735;51.89694605306899;13-07-2017 11:18:00;9;1
0;Grand Parade;-8.47536977381303;51.89748023175811;13-07-2017 11:18:00;11;5
0;Peace Park;-8.47347588279142;51.89619469926869;13-07-2017 11:18:00;4;14
0;South Gate Bridge;-8.47586514429047;51.89549439125871;13-07-2017 11:18:00;8;4
0;Coburg St.;-8.47056736;51.90155283;13-07-2017 11:18:00;9;19
0;Emmet Place;-8.47270466388061;51.90020812214529;13-07-2017 11:18:00;8;12
0;South Mall;-8.46989982762231;51.89683855516081;13-07-2017 11:18:00;20;8
0;College of Commerce;-8.469797;51.8953;13-07-2017 11:18:00;11;10
0;Father Mathew Statue;-8.4706278;51.89967344;13-07-2017 11:18:00;6;9
0;Cork School of Music;-8.46809252166047;51.89631707505499;13-07-2017 11:18:00;7;8
1;Brian Boru Bridge;-8.465153;51.900405;13-07-2017 11:18:00;0;0
0;Bus Station;-8.46695074;51.89951532;13-07-2017 11:18:00;8;12
0;Cork City Hall;-8.466;51.897;13-07-2017 11:18:00;7;6
0;Lower Glanmire Rd.;-8.46411816;51.90137057;13-07-2017 11:18:00;15;6
0;Clontarf Street;-8.46562933177544;51.89848186918711;13-07-2017 11:18:00;6;3
0;Kent Station;-8.45821512;51.90196195;13-07-2017 11:18:00;12;17
0;Gaol Walk;-8.494174;51.893604;13-07-2017 11:23:00;16;8
0;Fitzgerald's Park;-8.49341266;51.89555327;13-07-2017 11:23:00;2;10
0;Bandfield;-8.4891363;51.89580557;13-07-2017 11:23:00;7;25
0;Dyke Parade;-8.48458467;51.89718531;13-07-2017 11:23:00;10;1
0;Mercy Hospital;-8.48225676;51.89911495;13-07-2017 11:23:00;8;5
0;St. Fin Barre's Bridge;-8.48196155;51.89710212;13-07-2017 11:23:00;17;3
0;Pope's Quay;-8.477385;51.901632;13-07-2017 11:23:00;9;9
0;North Main St.;-8.47844005;51.89974733;13-07-2017 11:23:00;4;11
0;Grattan St.;-8.47977966;51.8984737;13-07-2017 11:23:00;8;1
0;Wandesford Quay;-8.48004;51.896492;13-07-2017 11:23:00;7;14
0;Bishop St.;-8.4790268;51.89468826;13-07-2017 11:23:00;5;9
0;Camden Quay;-8.473342;51.901054;13-07-2017 11:23:00;4;16
0;Corn Market St.;-8.477;51.9;13-07-2017 11:23:00;13;9
0;Lapp's Quay;-8.465735;51.898144;13-07-2017 11:23:00;9;19
0;St. Patricks St.;-8.47261531;51.89850471;13-07-2017 11:23:00;11;8
0;South Main St.;-8.47689553164735;51.89694605306899;13-07-2017 11:23:00;9;1
0;Grand Parade;-8.47536977381303;51.89748023175811;13-07-2017 11:23:00;12;4
0;Peace Park;-8.47347588279142;51.89619469926869;13-07-2017 11:23:00;4;14
0;South Gate Bridge;-8.47586514429047;51.89549439125871;13-07-2017 11:23:00;8;4
0;Coburg St.;-8.47056736;51.90155283;13-07-2017 11:23:00;9;19
0;Emmet Place;-8.47270466388061;51.90020812214529;13-07-2017 11:23:00;8;12
0;South Mall;-8.46989982762231;51.89683855516081;13-07-2017 11:23:00;20;8
0;College of Commerce;-8.469797;51.8953;13-07-2017 11:23:00;12;9
0;Father Mathew Statue;-8.4706278;51.89967344;13-07-2017 11:23:00;6;9
0;Cork School of Music;-8.46809252166047;51.89631707505499;13-07-2017 11:23:00;7;8
1;Brian Boru Bridge;-8.465153;51.900405;13-07-2017 11:23:00;0;0
0;Bus Station;-8.46695074;51.89951532;13-07-2017 11:23:00;8;12
0;Cork City Hall;-8.466;51.897;13-07-2017 11:23:00;7;6
0;Lower Glanmire Rd.;-8.46411816;51.90137057;13-07-2017 11:23:00;15;6
0;Clontarf Street;-8.46562933177544;51.89848186918711;13-07-2017 11:23:00;6;3
0;Kent Station;-8.45821512;51.90196195;13-07-2017 11:23:00;12;17
0;Gaol Walk;-8.494174;51.893604;13-07-2017 11:28:00;16;8
0;Fitzgerald's Park;-8.49341266;51.89555327;13-07-2017 11:28:00;2;10
0;Bandfield;-8.4891363;51.89580557;13-07-2017 11:28:00;6;26
0;Dyke Parade;-8.48458467;51.89718531;13-07-2017 11:28:00;10;1
0;Mercy Hospital;-8.48225676;51.89911495;13-07-2017 11:28:00;8;5
0;St. Fin Barre's Bridge;-8.48196155;51.89710212;13-07-2017 11:28:00;17;3
0;Pope's Quay;-8.477385;51.901632;13-07-2017 11:28:00;8;10
0;North Main St.;-8.47844005;51.89974733;13-07-2017 11:28:00;4;11
0;Grattan St.;-8.47977966;51.8984737;13-07-2017 11:28:00;8;1
0;Wandesford Quay;-8.48004;51.896492;13-07-2017 11:28:00;7;14
0;Bishop St.;-8.4790268;51.89468826;13-07-2017 11:28:00;5;9
0;Camden Quay;-8.473342;51.901054;13-07-2017 11:28:00;4;16
0;Corn Market St.;-8.477;51.9;13-07-2017 11:28:00;13;9
0;Lapp's Quay;-8.465735;51.898144;13-07-2017 11:28:00;9;19
0;St. Patricks St.;-8.47261531;51.89850471;13-07-2017 11:28:00;11;8
0;South Main St.;-8.47689553164735;51.89694605306899;13-07-2017 11:28:00;9;1
0;Grand Parade;-8.47536977381303;51.89748023175811;13-07-2017 11:28:00;12;4
0;Peace Park;-8.47347588279142;51.89619469926869;13-07-2017 11:28:00;4;14
0;South Gate Bridge;-8.47586514429047;51.89549439125871;13-07-2017 11:28:00;7;5
0;Coburg St.;-8.47056736;51.90155283;13-07-2017 11:28:00;9;19
0;Emmet Place;-8.47270466388061;51.90020812214529;13-07-2017 11:28:00;8;12
0;South Mall;-8.46989982762231;51.89683855516081;13-07-2017 11:28:00;20;8
0;College of Commerce;-8.469797;51.8953;13-07-2017 11:28:00;12;9
0;Father Mathew Statue;-8.4706278;51.89967344;13-07-2017 11:28:00;7;8
0;Cork School of Music;-8.46809252166047;51.89631707505499;13-07-2017 11:28:00;7;8
1;Brian Boru Bridge;-8.465153;51.900405;13-07-2017 11:28:00;0;0
0;Bus Station;-8.46695074;51.89951532;13-07-2017 11:28:00;8;12
0;Cork City Hall;-8.466;51.897;13-07-2017 11:28:00;7;6
0;Lower Glanmire Rd.;-8.46411816;51.90137057;13-07-2017 11:28:00;15;6
0;Clontarf Street;-8.46562933177544;51.89848186918711;13-07-2017 11:28:00;6;3
0;Kent Station;-8.45821512;51.90196195;13-07-2017 11:28:00;12;17
0;Gaol Walk;-8.494174;51.893604;13-07-2017 11:33:00;16;8
0;Fitzgerald's Park;-8.49341266;51.89555327;13-07-2017 11:33:00;2;10
0;Bandfield;-8.4891363;51.89580557;13-07-2017 11:33:00;5;27
0;Dyke Parade;-8.48458467;51.89718531;13-07-2017 11:33:00;10;1
0;Mercy Hospital;-8.48225676;51.89911495;13-07-2017 11:33:00;8;5
0;St. Fin Barre's Bridge;-8.48196155;51.89710212;13-07-2017 11:33:00;16;3
0;Pope's Quay;-8.477385;51.901632;13-07-2017 11:33:00;8;10
0;North Main St.;-8.47844005;51.89974733;13-07-2017 11:33:00;4;11
0;Grattan St.;-8.47977966;51.8984737;13-07-2017 11:33:00;8;1
0;Wandesford Quay;-8.48004;51.896492;13-07-2017 11:33:00;7;14
0;Bishop St.;-8.4790268;51.89468826;13-07-2017 11:33:00;5;9
0;Camden Quay;-8.473342;51.901054;13-07-2017 11:33:00;4;16
0;Corn Market St.;-8.477;51.9;13-07-2017 11:33:00;13;9
0;Lapp's Quay;-8.465735;51.898144;13-07-2017 11:33:00;9;19
0;St. Patricks St.;-8.47261531;51.89850471;13-07-2017 11:33:00;11;8
0;South Main St.;-8.47689553164735;51.89694605306899;13-07-2017 11:33:00;9;1
0;Grand Parade;-8.47536977381303;51.89748023175811;13-07-2017 11:33:00;14;2
0;Peace Park;-8.47347588279142;51.89619469926869;13-07-2017 11:33:00;5;13
0;South Gate Bridge;-8.47586514429047;51.89549439125871;13-07-2017 11:33:00;7;5
0;Coburg St.;-8.47056736;51.90155283;13-07-2017 11:33:00;9;19
0;Emmet Place;-8.47270466388061;51.90020812214529;13-07-2017 11:33:00;8;12
0;South Mall;-8.46989982762231;51.89683855516081;13-07-2017 11:33:00;20;8
0;College of Commerce;-8.469797;51.8953;13-07-2017 11:33:00;12;9
0;Father Mathew Statue;-8.4706278;51.89967344;13-07-2017 11:33:00;7;8
0;Cork School of Music;-8.46809252166047;51.89631707505499;13-07-2017 11:33:00;6;9
1;Brian Boru Bridge;-8.465153;51.900405;13-07-2017 11:33:00;0;0
0;Bus Station;-8.46695074;51.89951532;13-07-2017 11:33:00;8;12
0;Cork City Hall;-8.466;51.897;13-07-2017 11:33:00;7;6
0;Lower Glanmire Rd.;-8.46411816;51.90137057;13-07-2017 11:33:00;15;6
0;Clontarf Street;-8.46562933177544;51.89848186918711;13-07-2017 11:33:00;6;3
0;Kent Station;-8.45821512;51.90196195;13-07-2017 11:33:00;12;17
0;Gaol Walk;-8.494174;51.893604;13-07-2017 11:38:00;16;8
0;Fitzgerald's Park;-8.49341266;51.89555327;13-07-2017 11:38:00;2;10
0;Bandfield;-8.4891363;51.89580557;13-07-2017 11:38:00;4;28
0;Dyke Parade;-8.48458467;51.89718531;13-07-2017 11:38:00;10;1
0;Mercy Hospital;-8.48225676;51.89911495;13-07-2017 11:38:00;8;5
0;St. Fin Barre's Bridge;-8.48196155;51.89710212;13-07-2017 11:38:00;16;3
0;Pope's Quay;-8.477385;51.901632;13-07-2017 11:38:00;7;11
0;North Main St.;-8.47844005;51.89974733;13-07-2017 11:38:00;4;11
0;Grattan St.;-8.47977966;51.8984737;13-07-2017 11:38:00;8;1
0;Wandesford Quay;-8.48004;51.896492;13-07-2017 11:38:00;7;14
0;Bishop St.;-8.4790268;51.89468826;13-07-2017 11:38:00;5;9
0;Camden Quay;-8.473342;51.901054;13-07-2017 11:38:00;4;16
0;Corn Market St.;-8.477;51.9;13-07-2017 11:38:00;13;9
0;Lapp's Quay;-8.465735;51.898144;13-07-2017 11:38:00;9;19
0;St. Patricks St.;-8.47261531;51.89850471;13-07-2017 11:38:00;11;8
0;South Main St.;-8.47689553164735;51.89694605306899;13-07-2017 11:38:00;9;1
0;Grand Parade;-8.47536977381303;51.89748023175811;13-07-2017 11:38:00;14;2
0;Peace Park;-8.47347588279142;51.89619469926869;13-07-2017 11:38:00;8;10
0;South Gate Bridge;-8.47586514429047;51.89549439125871;13-07-2017 11:38:00;6;6
0;Coburg St.;-8.47056736;51.90155283;13-07-2017 11:38:00;9;19
0;Emmet Place;-8.47270466388061;51.90020812214529;13-07-2017 11:38:00;8;12
0;South Mall;-8.46989982762231;51.89683855516081;13-07-2017 11:38:00;20;8
0;College of Commerce;-8.469797;51.8953;13-07-2017 11:38:00;13;8
0;Father Mathew Statue;-8.4706278;51.89967344;13-07-2017 11:38:00;7;8
0;Cork School of Music;-8.46809252166047;51.89631707505499;13-07-2017 11:38:00;6;9
1;Brian Boru Bridge;-8.465153;51.900405;13-07-2017 11:38:00;0;0
0;Bus Station;-8.46695074;51.89951532;13-07-2017 11:38:00;8;12
0;Cork City Hall;-8.466;51.897;13-07-2017 11:38:00;8;5
0;Lower Glanmire Rd.;-8.46411816;51.90137057;13-07-2017 11:38:00;15;6
0;Clontarf Street;-8.46562933177544;51.89848186918711;13-07-2017 11:38:00;6;3
0;Kent Station;-8.45821512;51.90196195;13-07-2017 11:38:00;12;17
0;Gaol Walk;-8.494174;51.893604;13-07-2017 11:43:00;16;8
0;Fitzgerald's Park;-8.49341266;51.89555327;13-07-2017 11:43:00;2;10
0;Bandfield;-8.4891363;51.89580557;13-07-2017 11:43:00;5;27
0;Dyke Parade;-8.48458467;51.89718531;13-07-2017 11:43:00;10;1
0;Mercy Hospital;-8.48225676;51.89911495;13-07-2017 11:43:00;8;5
0;St. Fin Barre's Bridge;-8.48196155;51.89710212;13-07-2017 11:43:00;16;3
0;Pope's Quay;-8.477385;51.901632;13-07-2017 11:43:00;7;11
0;North Main St.;-8.47844005;51.89974733;13-07-2017 11:43:00;4;11
0;Grattan St.;-8.47977966;51.8984737;13-07-2017 11:43:00;8;1
0;Wandesford Quay;-8.48004;51.896492;13-07-2017 11:43:00;7;14
0;Bishop St.;-8.4790268;51.89468826;13-07-2017 11:43:00;5;9
0;Camden Quay;-8.473342;51.901054;13-07-2017 11:43:00;8;12
0;Corn Market St.;-8.477;51.9;13-07-2017 11:43:00;13;9
0;Lapp's Quay;-8.465735;51.898144;13-07-2017 11:43:00;9;19
0;St. Patricks St.;-8.47261531;51.89850471;13-07-2017 11:43:00;13;6
0;South Main St.;-8.47689553164735;51.89694605306899;13-07-2017 11:43:00;9;1
0;Grand Parade;-8.47536977381303;51.89748023175811;13-07-2017 11:43:00;14;2
0;Peace Park;-8.47347588279142;51.89619469926869;13-07-2017 11:43:00;9;9
0;South Gate Bridge;-8.47586514429047;51.89549439125871;13-07-2017 11:43:00;6;6
0;Coburg St.;-8.47056736;51.90155283;13-07-2017 11:43:00;9;19
0;Emmet Place;-8.47270466388061;51.90020812214529;13-07-2017 11:43:00;8;12
0;South Mall;-8.46989982762231;51.89683855516081;13-07-2017 11:43:00;20;8
0;College of Commerce;-8.469797;51.8953;13-07-2017 11:43:00;13;8
0;Father Mathew Statue;-8.4706278;51.89967344;13-07-2017 11:43:00;7;8
0;Cork School of Music;-8.46809252166047;51.89631707505499;13-07-2017 11:43:00;5;10
1;Brian Boru Bridge;-8.465153;51.900405;13-07-2017 11:43:00;0;0
0;Bus Station;-8.46695074;51.89951532;13-07-2017 11:43:00;8;12
0;Cork City Hall;-8.466;51.897;13-07-2017 11:43:00;7;6
0;Lower Glanmire Rd.;-8.46411816;51.90137057;13-07-2017 11:43:00;15;6
0;Clontarf Street;-8.46562933177544;51.89848186918711;13-07-2017 11:43:00;5;4
0;Kent Station;-8.45821512;51.90196195;13-07-2017 11:43:00;12;17
0;Gaol Walk;-8.494174;51.893604;13-07-2017 11:48:00;14;10
0;Fitzgerald's Park;-8.49341266;51.89555327;13-07-2017 11:48:00;0;12
0;Bandfield;-8.4891363;51.89580557;13-07-2017 11:48:00;5;27
0;Dyke Parade;-8.48458467;51.89718531;13-07-2017 11:48:00;10;1
0;Mercy Hospital;-8.48225676;51.89911495;13-07-2017 11:48:00;8;5
0;St. Fin Barre's Bridge;-8.48196155;51.89710212;13-07-2017 11:48:00;16;3
0;Pope's Quay;-8.477385;51.901632;13-07-2017 11:48:00;7;11
0;North Main St.;-8.47844005;51.89974733;13-07-2017 11:48:00;4;11
0;Grattan St.;-8.47977966;51.8984737;13-07-2017 11:48:00;8;1
0;Wandesford Quay;-8.48004;51.896492;13-07-2017 11:48:00;7;14
0;Bishop St.;-8.4790268;51.89468826;13-07-2017 11:48:00;5;9
0;Camden Quay;-8.473342;51.901054;13-07-2017 11:48:00;8;12
0;Corn Market St.;-8.477;51.9;13-07-2017 11:48:00;13;9
0;Lapp's Quay;-8.465735;51.898144;13-07-2017 11:48:00;8;20
0;St. Patricks St.;-8.47261531;51.89850471;13-07-2017 11:48:00;13;6
0;South Main St.;-8.47689553164735;51.89694605306899;13-07-2017 11:48:00;9;1
0;Grand Parade;-8.47536977381303;51.89748023175811;13-07-2017 11:48:00;14;2
0;Peace Park;-8.47347588279142;51.89619469926869;13-07-2017 11:48:00;9;9
0;South Gate Bridge;-8.47586514429047;51.89549439125871;13-07-2017 11:48:00;7;5
0;Coburg St.;-8.47056736;51.90155283;13-07-2017 11:48:00;9;19
0;Emmet Place;-8.47270466388061;51.90020812214529;13-07-2017 11:48:00;9;11
0;South Mall;-8.46989982762231;51.89683855516081;13-07-2017 11:48:00;20;8
0;College of Commerce;-8.469797;51.8953;13-07-2017 11:48:00;13;8
0;Father Mathew Statue;-8.4706278;51.89967344;13-07-2017 11:48:00;7;8
0;Cork School of Music;-8.46809252166047;51.89631707505499;13-07-2017 11:48:00;5;10
1;Brian Boru Bridge;-8.465153;51.900405;13-07-2017 11:48:00;0;0
0;Bus Station;-8.46695074;51.89951532;13-07-2017 11:48:00;8;12
0;Cork City Hall;-8.466;51.897;13-07-2017 11:48:00;7;6
0;Lower Glanmire Rd.;-8.46411816;51.90137057;13-07-2017 11:48:00;15;6
0;Clontarf Street;-8.46562933177544;51.89848186918711;13-07-2017 11:48:00;6;3
0;Kent Station;-8.45821512;51.90196195;13-07-2017 11:48:00;12;17
0;Gaol Walk;-8.494174;51.893604;13-07-2017 11:53:00;13;11
0;Fitzgerald's Park;-8.49341266;51.89555327;13-07-2017 11:53:00;6;6
0;Bandfield;-8.4891363;51.89580557;13-07-2017 11:53:00;5;27
0;Dyke Parade;-8.48458467;51.89718531;13-07-2017 11:53:00;10;1
0;Mercy Hospital;-8.48225676;51.89911495;13-07-2017 11:53:00;8;5
0;St. Fin Barre's Bridge;-8.48196155;51.89710212;13-07-2017 11:53:00;17;2
0;Pope's Quay;-8.477385;51.901632;13-07-2017 11:53:00;7;11
0;North Main St.;-8.47844005;51.89974733;13-07-2017 11:53:00;4;11
0;Grattan St.;-8.47977966;51.8984737;13-07-2017 11:53:00;8;1
0;Wandesford Quay;-8.48004;51.896492;13-07-2017 11:53:00;7;14
0;Bishop St.;-8.4790268;51.89468826;13-07-2017 11:53:00;4;10
0;Camden Quay;-8.473342;51.901054;13-07-2017 11:53:00;8;12
0;Corn Market St.;-8.477;51.9;13-07-2017 11:53:00;13;9
0;Lapp's Quay;-8.465735;51.898144;13-07-2017 11:53:00;8;20
0;St. Patricks St.;-8.47261531;51.89850471;13-07-2017 11:53:00;13;6
0;South Main St.;-8.47689553164735;51.89694605306899;13-07-2017 11:53:00;9;1
0;Grand Parade;-8.47536977381303;51.89748023175811;13-07-2017 11:53:00;14;2
0;Peace Park;-8.47347588279142;51.89619469926869;13-07-2017 11:53:00;9;9
0;South Gate Bridge;-8.47586514429047;51.89549439125871;13-07-2017 11:53:00;7;5
0;Coburg St.;-8.47056736;51.90155283;13-07-2017 11:53:00;9;19
0;Emmet Place;-8.47270466388061;51.90020812214529;13-07-2017 11:53:00;9;11
0;South Mall;-8.46989982762231;51.89683855516081;13-07-2017 11:53:00;20;8
0;College of Commerce;-8.469797;51.8953;13-07-2017 11:53:00;12;9
0;Father Mathew Statue;-8.4706278;51.89967344;13-07-2017 11:53:00;7;8
0;Cork School of Music;-8.46809252166047;51.89631707505499;13-07-2017 11:53:00;5;10
1;Brian Boru Bridge;-8.465153;51.900405;13-07-2017 11:53:00;0;0
0;Bus Station;-8.46695074;51.89951532;13-07-2017 11:53:00;8;12
0;Cork City Hall;-8.466;51.897;13-07-2017 11:53:00;7;6
0;Lower Glanmire Rd.;-8.46411816;51.90137057;13-07-2017 11:53:00;15;6
0;Clontarf Street;-8.46562933177544;51.89848186918711;13-07-2017 11:53:00;6;3
0;Kent Station;-8.45821512;51.90196195;13-07-2017 11:53:00;12;17
0;Gaol Walk;-8.494174;51.893604;13-07-2017 11:58:00;13;11
0;Fitzgerald's Park;-8.49341266;51.89555327;13-07-2017 11:58:00;6;6
0;Bandfield;-8.4891363;51.89580557;13-07-2017 11:58:00;5;27
0;Dyke Parade;-8.48458467;51.89718531;13-07-2017 11:58:00;10;1
0;Mercy Hospital;-8.48225676;51.89911495;13-07-2017 11:58:00;8;5
0;St. Fin Barre's Bridge;-8.48196155;51.89710212;13-07-2017 11:58:00;17;2
0;Pope's Quay;-8.477385;51.901632;13-07-2017 11:58:00;7;11
0;North Main St.;-8.47844005;51.89974733;13-07-2017 11:58:00;4;11
0;Grattan St.;-8.47977966;51.8984737;13-07-2017 11:58:00;8;1
0;Wandesford Quay;-8.48004;51.896492;13-07-2017 11:58:00;7;14
0;Bishop St.;-8.4790268;51.89468826;13-07-2017 11:58:00;4;10
0;Camden Quay;-8.473342;51.901054;13-07-2017 11:58:00;8;12
0;Corn Market St.;-8.477;51.9;13-07-2017 11:58:00;13;9
0;Lapp's Quay;-8.465735;51.898144;13-07-2017 11:58:00;8;20
0;St. Patricks St.;-8.47261531;51.89850471;13-07-2017 11:58:00;13;6
0;South Main St.;-8.47689553164735;51.89694605306899;13-07-2017 11:58:00;9;1
0;Grand Parade;-8.47536977381303;51.89748023175811;13-07-2017 11:58:00;15;1
0;Peace Park;-8.47347588279142;51.89619469926869;13-07-2017 11:58:00;9;9
0;South Gate Bridge;-8.47586514429047;51.89549439125871;13-07-2017 11:58:00;9;3
0;Coburg St.;-8.47056736;51.90155283;13-07-2017 11:58:00;9;19
0;Emmet Place;-8.47270466388061;51.90020812214529;13-07-2017 11:58:00;10;10
0;South Mall;-8.46989982762231;51.89683855516081;13-07-2017 11:58:00;20;8
0;College of Commerce;-8.469797;51.8953;13-07-2017 11:58:00;12;9
0;Father Mathew Statue;-8.4706278;51.89967344;13-07-2017 11:58:00;7;8
0;Cork School of Music;-8.46809252166047;51.89631707505499;13-07-2017 11:58:00;5;10
1;Brian Boru Bridge;-8.465153;51.900405;13-07-2017 11:58:00;0;0
0;Bus Station;-8.46695074;51.89951532;13-07-2017 11:58:00;8;12
0;Cork City Hall;-8.466;51.897;13-07-2017 11:58:00;8;5
0;Lower Glanmire Rd.;-8.46411816;51.90137057;13-07-2017 11:58:00;15;6
0;Clontarf Street;-8.46562933177544;51.89848186918711;13-07-2017 11:58:00;6;3
0;Kent Station;-8.45821512;51.90196195;13-07-2017 11:58:00;12;17
0;Gaol Walk;-8.494174;51.893604;13-07-2017 12:03:00;13;11
0;Fitzgerald's Park;-8.49341266;51.89555327;13-07-2017 12:03:00;7;5
0;Bandfield;-8.4891363;51.89580557;13-07-2017 12:03:00;5;27
0;Dyke Parade;-8.48458467;51.89718531;13-07-2017 12:03:00;7;4
0;Mercy Hospital;-8.48225676;51.89911495;13-07-2017 12:03:00;8;5
0;St. Fin Barre's Bridge;-8.48196155;51.89710212;13-07-2017 12:03:00;18;1
0;Pope's Quay;-8.477385;51.901632;13-07-2017 12:03:00;7;11
0;North Main St.;-8.47844005;51.89974733;13-07-2017 12:03:00;4;11
0;Grattan St.;-8.47977966;51.8984737;13-07-2017 12:03:00;8;1
0;Wandesford Quay;-8.48004;51.896492;13-07-2017 12:03:00;7;14
0;Bishop St.;-8.4790268;51.89468826;13-07-2017 12:03:00;4;10
0;Camden Quay;-8.473342;51.901054;13-07-2017 12:03:00;8;12
0;Corn Market St.;-8.477;51.9;13-07-2017 12:03:00;12;10
0;Lapp's Quay;-8.465735;51.898144;13-07-2017 12:03:00;8;20
0;St. Patricks St.;-8.47261531;51.89850471;13-07-2017 12:03:00;13;6
0;South Main St.;-8.47689553164735;51.89694605306899;13-07-2017 12:03:00;9;1
0;Grand Parade;-8.47536977381303;51.89748023175811;13-07-2017 12:03:00;15;1
0;Peace Park;-8.47347588279142;51.89619469926869;13-07-2017 12:03:00;9;9
0;South Gate Bridge;-8.47586514429047;51.89549439125871;13-07-2017 12:03:00;8;4
0;Coburg St.;-8.47056736;51.90155283;13-07-2017 12:03:00;9;19
0;Emmet Place;-8.47270466388061;51.90020812214529;13-07-2017 12:03:00;10;10
0;South Mall;-8.46989982762231;51.89683855516081;13-07-2017 12:03:00;20;8
0;College of Commerce;-8.469797;51.8953;13-07-2017 12:03:00;12;9
0;Father Mathew Statue;-8.4706278;51.89967344;13-07-2017 12:03:00;7;8
0;Cork School of Music;-8.46809252166047;51.89631707505499;13-07-2017 12:03:00;5;10
1;Brian Boru Bridge;-8.465153;51.900405;13-07-2017 12:03:00;0;0
0;Bus Station;-8.46695074;51.89951532;13-07-2017 12:03:00;8;12
0;Cork City Hall;-8.466;51.897;13-07-2017 12:03:00;8;5
0;Lower Glanmire Rd.;-8.46411816;51.90137057;13-07-2017 12:03:00;15;6
0;Clontarf Street;-8.46562933177544;51.89848186918711;13-07-2017 12:03:00;6;3
0;Kent Station;-8.45821512;51.90196195;13-07-2017 12:03:00;12;17
0;Gaol Walk;-8.494174;51.893604;13-07-2017 12:08:00;13;11
0;Fitzgerald's Park;-8.49341266;51.89555327;13-07-2017 12:08:00;7;5
0;Bandfield;-8.4891363;51.89580557;13-07-2017 12:08:00;5;27
0;Dyke Parade;-8.48458467;51.89718531;13-07-2017 12:08:00;7;4
0;Mercy Hospital;-8.48225676;51.89911495;13-07-2017 12:08:00;8;5
0;St. Fin Barre's Bridge;-8.48196155;51.89710212;13-07-2017 12:08:00;18;1
0;Pope's Quay;-8.477385;51.901632;13-07-2017 12:08:00;7;11
0;North Main St.;-8.47844005;51.89974733;13-07-2017 12:08:00;4;11
0;Grattan St.;-8.47977966;51.8984737;13-07-2017 12:08:00;8;1
0;Wandesford Quay;-8.48004;51.896492;13-07-2017 12:08:00;7;14
0;Bishop St.;-8.4790268;51.89468826;13-07-2017 12:08:00;5;9
0;Camden Quay;-8.473342;51.901054;13-07-2017 12:08:00;8;12
0;Corn Market St.;-8.477;51.9;13-07-2017 12:08:00;12;10
0;Lapp's Quay;-8.465735;51.898144;13-07-2017 12:08:00;8;20
0;St. Patricks St.;-8.47261531;51.89850471;13-07-2017 12:08:00;13;6
0;South Main St.;-8.47689553164735;51.89694605306899;13-07-2017 12:08:00;9;1
0;Grand Parade;-8.47536977381303;51.89748023175811;13-07-2017 12:08:00;15;1
0;Peace Park;-8.47347588279142;51.89619469926869;13-07-2017 12:08:00;9;9
0;South Gate Bridge;-8.47586514429047;51.89549439125871;13-07-2017 12:08:00;8;4
0;Coburg St.;-8.47056736;51.90155283;13-07-2017 12:08:00;9;19
0;Emmet Place;-8.47270466388061;51.90020812214529;13-07-2017 12:08:00;10;10
0;South Mall;-8.46989982762231;51.89683855516081;13-07-2017 12:08:00;20;8
0;College of Commerce;-8.469797;51.8953;13-07-2017 12:08:00;13;8
0;Father Mathew Statue;-8.4706278;51.89967344;13-07-2017 12:08:00;8;7
0;Cork School of Music;-8.46809252166047;51.89631707505499;13-07-2017 12:08:00;5;10
1;Brian Boru Bridge;-8.465153;51.900405;13-07-2017 12:08:00;0;0
0;Bus Station;-8.46695074;51.89951532;13-07-2017 12:08:00;8;12
0;Cork City Hall;-8.466;51.897;13-07-2017 12:08:00;8;5
0;Lower Glanmire Rd.;-8.46411816;51.90137057;13-07-2017 12:08:00;15;6
0;Clontarf Street;-8.46562933177544;51.89848186918711;13-07-2017 12:08:00;6;3
0;Kent Station;-8.45821512;51.90196195;13-07-2017 12:08:00;12;17
0;Gaol Walk;-8.494174;51.893604;13-07-2017 12:13:00;13;11
0;Fitzgerald's Park;-8.49341266;51.89555327;13-07-2017 12:13:00;8;4
0;Bandfield;-8.4891363;51.89580557;13-07-2017 12:13:00;4;28
0;Dyke Parade;-8.48458467;51.89718531;13-07-2017 12:13:00;7;4
0;Mercy Hospital;-8.48225676;51.89911495;13-07-2017 12:13:00;8;5
0;St. Fin Barre's Bridge;-8.48196155;51.89710212;13-07-2017 12:13:00;17;2
0;Pope's Quay;-8.477385;51.901632;13-07-2017 12:13:00;7;11
0;North Main St.;-8.47844005;51.89974733;13-07-2017 12:13:00;4;11
0;Grattan St.;-8.47977966;51.8984737;13-07-2017 12:13:00;8;1
0;Wandesford Quay;-8.48004;51.896492;13-07-2017 12:13:00;7;14
0;Bishop St.;-8.4790268;51.89468826;13-07-2017 12:13:00;5;9
0;Camden Quay;-8.473342;51.901054;13-07-2017 12:13:00;8;12
0;Corn Market St.;-8.477;51.9;13-07-2017 12:13:00;12;10
0;Lapp's Quay;-8.465735;51.898144;13-07-2017 12:13:00;7;21
0;St. Patricks St.;-8.47261531;51.89850471;13-07-2017 12:13:00;13;6
0;South Main St.;-8.47689553164735;51.89694605306899;13-07-2017 12:13:00;9;1
0;Grand Parade;-8.47536977381303;51.89748023175811;13-07-2017 12:13:00;15;1
0;Peace Park;-8.47347588279142;51.89619469926869;13-07-2017 12:13:00;9;9
0;South Gate Bridge;-8.47586514429047;51.89549439125871;13-07-2017 12:13:00;7;5
0;Coburg St.;-8.47056736;51.90155283;13-07-2017 12:13:00;9;19
0;Emmet Place;-8.47270466388061;51.90020812214529;13-07-2017 12:13:00;10;10
0;South Mall;-8.46989982762231;51.89683855516081;13-07-2017 12:13:00;20;8
0;College of Commerce;-8.469797;51.8953;13-07-2017 12:13:00;12;10
0;Father Mathew Statue;-8.4706278;51.89967344;13-07-2017 12:13:00;8;7
0;Cork School of Music;-8.46809252166047;51.89631707505499;13-07-2017 12:13:00;5;10
1;Brian Boru Bridge;-8.465153;51.900405;13-07-2017 12:13:00;0;0
0;Bus Station;-8.46695074;51.89951532;13-07-2017 12:13:00;8;12
0;Cork City Hall;-8.466;51.897;13-07-2017 12:13:00;7;6
0;Lower Glanmire Rd.;-8.46411816;51.90137057;13-07-2017 12:13:00;15;6
0;Clontarf Street;-8.46562933177544;51.89848186918711;13-07-2017 12:13:00;6;3
0;Kent Station;-8.45821512;51.90196195;13-07-2017 12:13:00;12;17
0;Gaol Walk;-8.494174;51.893604;13-07-2017 12:18:00;13;11
0;Fitzgerald's Park;-8.49341266;51.89555327;13-07-2017 12:18:00;8;4
0;Bandfield;-8.4891363;51.89580557;13-07-2017 12:18:00;4;28
0;Dyke Parade;-8.48458467;51.89718531;13-07-2017 12:18:00;8;3
0;Mercy Hospital;-8.48225676;51.89911495;13-07-2017 12:18:00;7;6
0;St. Fin Barre's Bridge;-8.48196155;51.89710212;13-07-2017 12:18:00;17;2
0;Pope's Quay;-8.477385;51.901632;13-07-2017 12:18:00;7;11
0;North Main St.;-8.47844005;51.89974733;13-07-2017 12:18:00;4;11
0;Grattan St.;-8.47977966;51.8984737;13-07-2017 12:18:00;8;1
0;Wandesford Quay;-8.48004;51.896492;13-07-2017 12:18:00;7;14
0;Bishop St.;-8.4790268;51.89468826;13-07-2017 12:18:00;5;9
0;Camden Quay;-8.473342;51.901054;13-07-2017 12:18:00;8;12
0;Corn Market St.;-8.477;51.9;13-07-2017 12:18:00;13;9
0;Lapp's Quay;-8.465735;51.898144;13-07-2017 12:18:00;7;21
0;St. Patricks St.;-8.47261531;51.89850471;13-07-2017 12:18:00;13;6
0;South Main St.;-8.47689553164735;51.89694605306899;13-07-2017 12:18:00;9;1
0;Grand Parade;-8.47536977381303;51.89748023175811;13-07-2017 12:18:00;7;9
0;Peace Park;-8.47347588279142;51.89619469926869;13-07-2017 12:18:00;9;9
0;South Gate Bridge;-8.47586514429047;51.89549439125871;13-07-2017 12:18:00;8;4
0;Coburg St.;-8.47056736;51.90155283;13-07-2017 12:18:00;9;19
0;Emmet Place;-8.47270466388061;51.90020812214529;13-07-2017 12:18:00;10;10
0;South Mall;-8.46989982762231;51.89683855516081;13-07-2017 12:18:00;20;8
0;College of Commerce;-8.469797;51.8953;13-07-2017 12:18:00;12;10
0;Father Mathew Statue;-8.4706278;51.89967344;13-07-2017 12:18:00;8;7
0;Cork School of Music;-8.46809252166047;51.89631707505499;13-07-2017 12:18:00;5;10
1;Brian Boru Bridge;-8.465153;51.900405;13-07-2017 12:18:00;0;0
0;Bus Station;-8.46695074;51.89951532;13-07-2017 12:18:00;8;12
0;Cork City Hall;-8.466;51.897;13-07-2017 12:18:00;7;6
0;Lower Glanmire Rd.;-8.46411816;51.90137057;13-07-2017 12:18:00;15;6
0;Clontarf Street;-8.46562933177544;51.89848186918711;13-07-2017 12:18:00;6;3
0;Kent Station;-8.45821512;51.90196195;13-07-2017 12:18:00;12;17
0;Gaol Walk;-8.494174;51.893604;13-07-2017 12:23:00;13;11
0;Fitzgerald's Park;-8.49341266;51.89555327;13-07-2017 12:23:00;8;4
0;Bandfield;-8.4891363;51.89580557;13-07-2017 12:23:00;4;28
0;Dyke Parade;-8.48458467;51.89718531;13-07-2017 12:23:00;8;3
0;Mercy Hospital;-8.48225676;51.89911495;13-07-2017 12:23:00;7;6
0;St. Fin Barre's Bridge;-8.48196155;51.89710212;13-07-2017 12:23:00;17;2
0;Pope's Quay;-8.477385;51.901632;13-07-2017 12:23:00;6;12
0;North Main St.;-8.47844005;51.89974733;13-07-2017 12:23:00;4;11
0;Grattan St.;-8.47977966;51.8984737;13-07-2017 12:23:00;8;1
0;Wandesford Quay;-8.48004;51.896492;13-07-2017 12:23:00;7;14
0;Bishop St.;-8.4790268;51.89468826;13-07-2017 12:23:00;6;8
0;Camden Quay;-8.473342;51.901054;13-07-2017 12:23:00;8;12
0;Corn Market St.;-8.477;51.9;13-07-2017 12:23:00;14;8
0;Lapp's Quay;-8.465735;51.898144;13-07-2017 12:23:00;7;21
0;St. Patricks St.;-8.47261531;51.89850471;13-07-2017 12:23:00;14;5
0;South Main St.;-8.47689553164735;51.89694605306899;13-07-2017 12:23:00;9;1
0;Grand Parade;-8.47536977381303;51.89748023175811;13-07-2017 12:23:00;6;10
0;Peace Park;-8.47347588279142;51.89619469926869;13-07-2017 12:23:00;9;9
0;South Gate Bridge;-8.47586514429047;51.89549439125871;13-07-2017 12:23:00;7;5
0;Coburg St.;-8.47056736;51.90155283;13-07-2017 12:23:00;8;20
0;Emmet Place;-8.47270466388061;51.90020812214529;13-07-2017 12:23:00;10;10
0;South Mall;-8.46989982762231;51.89683855516081;13-07-2017 12:23:00;21;7
0;College of Commerce;-8.469797;51.8953;13-07-2017 12:23:00;12;10
0;Father Mathew Statue;-8.4706278;51.89967344;13-07-2017 12:23:00;8;7
0;Cork School of Music;-8.46809252166047;51.89631707505499;13-07-2017 12:23:00;5;10
1;Brian Boru Bridge;-8.465153;51.900405;13-07-2017 12:23:00;0;0
0;Bus Station;-8.46695074;51.89951532;13-07-2017 12:23:00;8;12
0;Cork City Hall;-8.466;51.897;13-07-2017 12:23:00;7;6
0;Lower Glanmire Rd.;-8.46411816;51.90137057;13-07-2017 12:23:00;14;7
0;Clontarf Street;-8.46562933177544;51.89848186918711;13-07-2017 12:23:00;6;3
0;Kent Station;-8.45821512;51.90196195;13-07-2017 12:23:00;12;17
0;Gaol Walk;-8.494174;51.893604;13-07-2017 12:28:00;13;11
0;Fitzgerald's Park;-8.49341266;51.89555327;13-07-2017 12:28:00;9;3
0;Bandfield;-8.4891363;51.89580557;13-07-2017 12:28:00;5;27
0;Dyke Parade;-8.48458467;51.89718531;13-07-2017 12:28:00;8;3
0;Mercy Hospital;-8.48225676;51.89911495;13-07-2017 12:28:00;7;6
0;St. Fin Barre's Bridge;-8.48196155;51.89710212;13-07-2017 12:28:00;17;2
0;Pope's Quay;-8.477385;51.901632;13-07-2017 12:28:00;6;12
0;North Main St.;-8.47844005;51.89974733;13-07-2017 12:28:00;5;10
0;Grattan St.;-8.47977966;51.8984737;13-07-2017 12:28:00;8;1
0;Wandesford Quay;-8.48004;51.896492;13-07-2017 12:28:00;7;14
0;Bishop St.;-8.4790268;51.89468826;13-07-2017 12:28:00;6;8
0;Camden Quay;-8.473342;51.901054;13-07-2017 12:28:00;8;12
0;Corn Market St.;-8.477;51.9;13-07-2017 12:28:00;14;8
0;Lapp's Quay;-8.465735;51.898144;13-07-2017 12:28:00;7;21
0;St. Patricks St.;-8.47261531;51.89850471;13-07-2017 12:28:00;15;4
0;South Main St.;-8.47689553164735;51.89694605306899;13-07-2017 12:28:00;9;1
0;Grand Parade;-8.47536977381303;51.89748023175811;13-07-2017 12:28:00;6;10
0;Peace Park;-8.47347588279142;51.89619469926869;13-07-2017 12:28:00;9;9
0;South Gate Bridge;-8.47586514429047;51.89549439125871;13-07-2017 12:28:00;7;5
0;Coburg St.;-8.47056736;51.90155283;13-07-2017 12:28:00;7;21
0;Emmet Place;-8.47270466388061;51.90020812214529;13-07-2017 12:28:00;10;10
0;South Mall;-8.46989982762231;51.89683855516081;13-07-2017 12:28:00;21;7
0;College of Commerce;-8.469797;51.8953;13-07-2017 12:28:00;12;10
0;Father Mathew Statue;-8.4706278;51.89967344;13-07-2017 12:28:00;8;7
0;Cork School of Music;-8.46809252166047;51.89631707505499;13-07-2017 12:28:00;5;10
1;Brian Boru Bridge;-8.465153;51.900405;13-07-2017 12:28:00;0;0
0;Bus Station;-8.46695074;51.89951532;13-07-2017 12:28:00;8;12
0;Cork City Hall;-8.466;51.897;13-07-2017 12:28:00;7;6
0;Lower Glanmire Rd.;-8.46411816;51.90137057;13-07-2017 12:28:00;14;7
0;Clontarf Street;-8.46562933177544;51.89848186918711;13-07-2017 12:28:00;7;2
0;Kent Station;-8.45821512;51.90196195;13-07-2017 12:28:00;12;17
0;Gaol Walk;-8.494174;51.893604;13-07-2017 12:33:00;13;11
0;Fitzgerald's Park;-8.49341266;51.89555327;13-07-2017 12:33:00;9;3
0;Bandfield;-8.4891363;51.89580557;13-07-2017 12:33:00;5;27
0;Dyke Parade;-8.48458467;51.89718531;13-07-2017 12:33:00;8;2
0;Mercy Hospital;-8.48225676;51.89911495;13-07-2017 12:33:00;7;6
0;St. Fin Barre's Bridge;-8.48196155;51.89710212;13-07-2017 12:33:00;17;2
0;Pope's Quay;-8.477385;51.901632;13-07-2017 12:33:00;6;12
0;North Main St.;-8.47844005;51.89974733;13-07-2017 12:33:00;5;10
0;Grattan St.;-8.47977966;51.8984737;13-07-2017 12:33:00;8;1
0;Wandesford Quay;-8.48004;51.896492;13-07-2017 12:33:00;7;14
0;Bishop St.;-8.4790268;51.89468826;13-07-2017 12:33:00;7;7
0;Camden Quay;-8.473342;51.901054;13-07-2017 12:33:00;7;13
0;Corn Market St.;-8.477;51.9;13-07-2017 12:33:00;15;7
0;Lapp's Quay;-8.465735;51.898144;13-07-2017 12:33:00;7;21
0;St. Patricks St.;-8.47261531;51.89850471;13-07-2017 12:33:00;13;6
0;South Main St.;-8.47689553164735;51.89694605306899;13-07-2017 12:33:00;9;1
0;Grand Parade;-8.47536977381303;51.89748023175811;13-07-2017 12:33:00;6;10
0;Peace Park;-8.47347588279142;51.89619469926869;13-07-2017 12:33:00;9;9
0;South Gate Bridge;-8.47586514429047;51.89549439125871;13-07-2017 12:33:00;7;5
0;Coburg St.;-8.47056736;51.90155283;13-07-2017 12:33:00;8;20
0;Emmet Place;-8.47270466388061;51.90020812214529;13-07-2017 12:33:00;10;10
0;South Mall;-8.46989982762231;51.89683855516081;13-07-2017 12:33:00;22;6
0;College of Commerce;-8.469797;51.8953;13-07-2017 12:33:00;12;10
0;Father Mathew Statue;-8.4706278;51.89967344;13-07-2017 12:33:00;8;7
0;Cork School of Music;-8.46809252166047;51.89631707505499;13-07-2017 12:33:00;5;10
1;Brian Boru Bridge;-8.465153;51.900405;13-07-2017 12:33:00;0;0
0;Bus Station;-8.46695074;51.89951532;13-07-2017 12:33:00;8;12
0;Cork City Hall;-8.466;51.897;13-07-2017 12:33:00;8;5
0;Lower Glanmire Rd.;-8.46411816;51.90137057;13-07-2017 12:33:00;15;6
0;Clontarf Street;-8.46562933177544;51.89848186918711;13-07-2017 12:33:00;7;2
0;Kent Station;-8.45821512;51.90196195;13-07-2017 12:33:00;12;17
0;Gaol Walk;-8.494174;51.893604;13-07-2017 12:38:00;13;11
0;Fitzgerald's Park;-8.49341266;51.89555327;13-07-2017 12:38:00;9;3
0;Bandfield;-8.4891363;51.89580557;13-07-2017 12:38:00;4;28
0;Dyke Parade;-8.48458467;51.89718531;13-07-2017 12:38:00;8;2
0;Mercy Hospital;-8.48225676;51.89911495;13-07-2017 12:38:00;7;6
0;St. Fin Barre's Bridge;-8.48196155;51.89710212;13-07-2017 12:38:00;17;2
0;Pope's Quay;-8.477385;51.901632;13-07-2017 12:38:00;6;12
0;North Main St.;-8.47844005;51.89974733;13-07-2017 12:38:00;5;10
0;Grattan St.;-8.47977966;51.8984737;13-07-2017 12:38:00;8;1
0;Wandesford Quay;-8.48004;51.896492;13-07-2017 12:38:00;7;14
0;Bishop St.;-8.4790268;51.89468826;13-07-2017 12:38:00;8;6
0;Camden Quay;-8.473342;51.901054;13-07-2017 12:38:00;7;13
0;Corn Market St.;-8.477;51.9;13-07-2017 12:38:00;15;7
0;Lapp's Quay;-8.465735;51.898144;13-07-2017 12:38:00;7;21
0;St. Patricks St.;-8.47261531;51.89850471;13-07-2017 12:38:00;7;12
0;South Main St.;-8.47689553164735;51.89694605306899;13-07-2017 12:38:00;9;1
0;Grand Parade;-8.47536977381303;51.89748023175811;13-07-2017 12:38:00;5;11
0;Peace Park;-8.47347588279142;51.89619469926869;13-07-2017 12:38:00;9;9
0;South Gate Bridge;-8.47586514429047;51.89549439125871;13-07-2017 12:38:00;7;5
0;Coburg St.;-8.47056736;51.90155283;13-07-2017 12:38:00;6;22
0;Emmet Place;-8.47270466388061;51.90020812214529;13-07-2017 12:38:00;10;10
0;South Mall;-8.46989982762231;51.89683855516081;13-07-2017 12:38:00;22;6
0;College of Commerce;-8.469797;51.8953;13-07-2017 12:38:00;12;10
0;Father Mathew Statue;-8.4706278;51.89967344;13-07-2017 12:38:00;8;7
0;Cork School of Music;-8.46809252166047;51.89631707505499;13-07-2017 12:38:00;5;10
1;Brian Boru Bridge;-8.465153;51.900405;13-07-2017 12:38:00;0;0
0;Bus Station;-8.46695074;51.89951532;13-07-2017 12:38:00;8;12
0;Cork City Hall;-8.466;51.897;13-07-2017 12:38:00;8;5
0;Lower Glanmire Rd.;-8.46411816;51.90137057;13-07-2017 12:38:00;15;6
0;Clontarf Street;-8.46562933177544;51.89848186918711;13-07-2017 12:38:00;7;2
0;Kent Station;-8.45821512;51.90196195;13-07-2017 12:38:00;12;17
0;Gaol Walk;-8.494174;51.893604;13-07-2017 12:43:00;13;11
0;Fitzgerald's Park;-8.49341266;51.89555327;13-07-2017 12:43:00;8;4
0;Bandfield;-8.4891363;51.89580557;13-07-2017 12:43:00;4;28
0;Dyke Parade;-8.48458467;51.89718531;13-07-2017 12:43:00;8;2
0;Mercy Hospital;-8.48225676;51.89911495;13-07-2017 12:43:00;7;6
0;St. Fin Barre's Bridge;-8.48196155;51.89710212;13-07-2017 12:43:00;16;3
0;Pope's Quay;-8.477385;51.901632;13-07-2017 12:43:00;6;12
0;North Main St.;-8.47844005;51.89974733;13-07-2017 12:43:00;6;9
0;Grattan St.;-8.47977966;51.8984737;13-07-2017 12:43:00;8;1
0;Wandesford Quay;-8.48004;51.896492;13-07-2017 12:43:00;7;14
0;Bishop St.;-8.4790268;51.89468826;13-07-2017 12:43:00;8;6
0;Camden Quay;-8.473342;51.901054;13-07-2017 12:43:00;7;13
0;Corn Market St.;-8.477;51.9;13-07-2017 12:43:00;15;7
0;Lapp's Quay;-8.465735;51.898144;13-07-2017 12:43:00;7;21
0;St. Patricks St.;-8.47261531;51.89850471;13-07-2017 12:43:00;7;12
0;South Main St.;-8.47689553164735;51.89694605306899;13-07-2017 12:43:00;9;1
0;Grand Parade;-8.47536977381303;51.89748023175811;13-07-2017 12:43:00;5;11
0;Peace Park;-8.47347588279142;51.89619469926869;13-07-2017 12:43:00;9;9
0;South Gate Bridge;-8.47586514429047;51.89549439125871;13-07-2017 12:43:00;7;5
0;Coburg St.;-8.47056736;51.90155283;13-07-2017 12:43:00;6;22
0;Emmet Place;-8.47270466388061;51.90020812214529;13-07-2017 12:43:00;10;10
0;South Mall;-8.46989982762231;51.89683855516081;13-07-2017 12:43:00;22;6
0;College of Commerce;-8.469797;51.8953;13-07-2017 12:43:00;12;10
0;Father Mathew Statue;-8.4706278;51.89967344;13-07-2017 12:43:00;8;7
0;Cork School of Music;-8.46809252166047;51.89631707505499;13-07-2017 12:43:00;5;10
1;Brian Boru Bridge;-8.465153;51.900405;13-07-2017 12:43:00;0;0
0;Bus Station;-8.46695074;51.89951532;13-07-2017 12:43:00;8;12
0;Cork City Hall;-8.466;51.897;13-07-2017 12:43:00;8;5
0;Lower Glanmire Rd.;-8.46411816;51.90137057;13-07-2017 12:43:00;15;6
0;Clontarf Street;-8.46562933177544;51.89848186918711;13-07-2017 12:43:00;6;3
0;Kent Station;-8.45821512;51.90196195;13-07-2017 12:43:00;12;17
0;Gaol Walk;-8.494174;51.893604;13-07-2017 12:48:00;13;11
0;Fitzgerald's Park;-8.49341266;51.89555327;13-07-2017 12:48:00;8;4
0;Bandfield;-8.4891363;51.89580557;13-07-2017 12:48:00;4;28
0;Dyke Parade;-8.48458467;51.89718531;13-07-2017 12:48:00;8;2
0;Mercy Hospital;-8.48225676;51.89911495;13-07-2017 12:48:00;6;7
0;St. Fin Barre's Bridge;-8.48196155;51.89710212;13-07-2017 12:48:00;16;3
0;Pope's Quay;-8.477385;51.901632;13-07-2017 12:48:00;6;12
0;North Main St.;-8.47844005;51.89974733;13-07-2017 12:48:00;6;9
0;Grattan St.;-8.47977966;51.8984737;13-07-2017 12:48:00;8;1
0;Wandesford Quay;-8.48004;51.896492;13-07-2017 12:48:00;7;14
0;Bishop St.;-8.4790268;51.89468826;13-07-2017 12:48:00;9;5
0;Camden Quay;-8.473342;51.901054;13-07-2017 12:48:00;7;13
0;Corn Market St.;-8.477;51.9;13-07-2017 12:48:00;15;7
0;Lapp's Quay;-8.465735;51.898144;13-07-2017 12:48:00;7;21
0;St. Patricks St.;-8.47261531;51.89850471;13-07-2017 12:48:00;8;11
0;South Main St.;-8.47689553164735;51.89694605306899;13-07-2017 12:48:00;9;1
0;Grand Parade;-8.47536977381303;51.89748023175811;13-07-2017 12:48:00;6;10
0;Peace Park;-8.47347588279142;51.89619469926869;13-07-2017 12:48:00;10;8
0;South Gate Bridge;-8.47586514429047;51.89549439125871;13-07-2017 12:48:00;7;5
0;Coburg St.;-8.47056736;51.90155283;13-07-2017 12:48:00;6;22
0;Emmet Place;-8.47270466388061;51.90020812214529;13-07-2017 12:48:00;10;10
0;South Mall;-8.46989982762231;51.89683855516081;13-07-2017 12:48:00;22;6
0;College of Commerce;-8.469797;51.8953;13-07-2017 12:48:00;12;10
0;Father Mathew Statue;-8.4706278;51.89967344;13-07-2017 12:48:00;7;8
0;Cork School of Music;-8.46809252166047;51.89631707505499;13-07-2017 12:48:00;5;10
1;Brian Boru Bridge;-8.465153;51.900405;13-07-2017 12:48:00;0;0
0;Bus Station;-8.46695074;51.89951532;13-07-2017 12:48:00;8;12
0;Cork City Hall;-8.466;51.897;13-07-2017 12:48:00;8;5
0;Lower Glanmire Rd.;-8.46411816;51.90137057;13-07-2017 12:48:00;14;7
0;Clontarf Street;-8.46562933177544;51.89848186918711;13-07-2017 12:48:00;6;3
0;Kent Station;-8.45821512;51.90196195;13-07-2017 12:48:00;11;18
0;Gaol Walk;-8.494174;51.893604;13-07-2017 12:53:00;13;11
0;Fitzgerald's Park;-8.49341266;51.89555327;13-07-2017 12:53:00;8;4
0;Bandfield;-8.4891363;51.89580557;13-07-2017 12:53:00;14;18
0;Dyke Parade;-8.48458467;51.89718531;13-07-2017 12:53:00;8;2
0;Mercy Hospital;-8.48225676;51.89911495;13-07-2017 12:53:00;6;7
0;St. Fin Barre's Bridge;-8.48196155;51.89710212;13-07-2017 12:53:00;16;3
0;Pope's Quay;-8.477385;51.901632;13-07-2017 12:53:00;6;12
0;North Main St.;-8.47844005;51.89974733;13-07-2017 12:53:00;6;9
0;Grattan St.;-8.47977966;51.8984737;13-07-2017 12:53:00;8;1
0;Wandesford Quay;-8.48004;51.896492;13-07-2017 12:53:00;7;14
0;Bishop St.;-8.4790268;51.89468826;13-07-2017 12:53:00;8;6
0;Camden Quay;-8.473342;51.901054;13-07-2017 12:53:00;7;13
0;Corn Market St.;-8.477;51.9;13-07-2017 12:53:00;15;7
0;Lapp's Quay;-8.465735;51.898144;13-07-2017 12:53:00;7;21
0;St. Patricks St.;-8.47261531;51.89850471;13-07-2017 12:53:00;7;12
0;South Main St.;-8.47689553164735;51.89694605306899;13-07-2017 12:53:00;9;1
0;Grand Parade;-8.47536977381303;51.89748023175811;13-07-2017 12:53:00;6;10
0;Peace Park;-8.47347588279142;51.89619469926869;13-07-2017 12:53:00;10;8
0;South Gate Bridge;-8.47586514429047;51.89549439125871;13-07-2017 12:53:00;7;5
0;Coburg St.;-8.47056736;51.90155283;13-07-2017 12:53:00;6;22
0;Emmet Place;-8.47270466388061;51.90020812214529;13-07-2017 12:53:00;10;10
0;South Mall;-8.46989982762231;51.89683855516081;13-07-2017 12:53:00;22;6
0;College of Commerce;-8.469797;51.8953;13-07-2017 12:53:00;12;10
0;Father Mathew Statue;-8.4706278;51.89967344;13-07-2017 12:53:00;8;7
0;Cork School of Music;-8.46809252166047;51.89631707505499;13-07-2017 12:53:00;5;10
1;Brian Boru Bridge;-8.465153;51.900405;13-07-2017 12:53:00;0;0
0;Bus Station;-8.46695074;51.89951532;13-07-2017 12:53:00;8;12
0;Cork City Hall;-8.466;51.897;13-07-2017 12:53:00;8;5
0;Lower Glanmire Rd.;-8.46411816;51.90137057;13-07-2017 12:53:00;12;9
0;Clontarf Street;-8.46562933177544;51.89848186918711;13-07-2017 12:53:00;6;3
0;Kent Station;-8.45821512;51.90196195;13-07-2017 12:53:00;11;18
0;Gaol Walk;-8.494174;51.893604;13-07-2017 12:58:00;13;11
0;Fitzgerald's Park;-8.49341266;51.89555327;13-07-2017 12:58:00;8;4
0;Bandfield;-8.4891363;51.89580557;13-07-2017 12:58:00;13;19
0;Dyke Parade;-8.48458467;51.89718531;13-07-2017 12:58:00;8;2
0;Mercy Hospital;-8.48225676;51.89911495;13-07-2017 12:58:00;6;7
0;St. Fin Barre's Bridge;-8.48196155;51.89710212;13-07-2017 12:58:00;15;4
0;Pope's Quay;-8.477385;51.901632;13-07-2017 12:58:00;6;12
0;North Main St.;-8.47844005;51.89974733;13-07-2017 12:58:00;6;9
0;Grattan St.;-8.47977966;51.8984737;13-07-2017 12:58:00;8;1
0;Wandesford Quay;-8.48004;51.896492;13-07-2017 12:58:00;7;14
0;Bishop St.;-8.4790268;51.89468826;13-07-2017 12:58:00;8;6
0;Camden Quay;-8.473342;51.901054;13-07-2017 12:58:00;7;13
0;Corn Market St.;-8.477;51.9;13-07-2017 12:58:00;15;7
0;Lapp's Quay;-8.465735;51.898144;13-07-2017 12:58:00;7;21
0;St. Patricks St.;-8.47261531;51.89850471;13-07-2017 12:58:00;9;10
0;South Main St.;-8.47689553164735;51.89694605306899;13-07-2017 12:58:00;9;1
0;Grand Parade;-8.47536977381303;51.89748023175811;13-07-2017 12:58:00;7;9
0;Peace Park;-8.47347588279142;51.89619469926869;13-07-2017 12:58:00;11;7
0;South Gate Bridge;-8.47586514429047;51.89549439125871;13-07-2017 12:58:00;7;5
0;Coburg St.;-8.47056736;51.90155283;13-07-2017 12:58:00;6;22
0;Emmet Place;-8.47270466388061;51.90020812214529;13-07-2017 12:58:00;10;10
0;South Mall;-8.46989982762231;51.89683855516081;13-07-2017 12:58:00;22;6
0;College of Commerce;-8.469797;51.8953;13-07-2017 12:58:00;12;10
0;Father Mathew Statue;-8.4706278;51.89967344;13-07-2017 12:58:00;7;8
0;Cork School of Music;-8.46809252166047;51.89631707505499;13-07-2017 12:58:00;5;10
1;Brian Boru Bridge;-8.465153;51.900405;13-07-2017 12:58:00;0;0
0;Bus Station;-8.46695074;51.89951532;13-07-2017 12:58:00;8;12
0;Cork City Hall;-8.466;51.897;13-07-2017 12:58:00;8;5
0;Lower Glanmire Rd.;-8.46411816;51.90137057;13-07-2017 12:58:00;12;9
0;Clontarf Street;-8.46562933177544;51.89848186918711;13-07-2017 12:58:00;6;3
0;Kent Station;-8.45821512;51.90196195;13-07-2017 12:58:00;10;19
0;Gaol Walk;-8.494174;51.893604;13-07-2017 13:03:00;13;11
0;Fitzgerald's Park;-8.49341266;51.89555327;13-07-2017 13:03:00;9;3
0;Bandfield;-8.4891363;51.89580557;13-07-2017 13:03:00;11;21
0;Dyke Parade;-8.48458467;51.89718531;13-07-2017 13:03:00;8;2
0;Mercy Hospital;-8.48225676;51.89911495;13-07-2017 13:03:00;6;7
0;St. Fin Barre's Bridge;-8.48196155;51.89710212;13-07-2017 13:03:00;15;4
0;Pope's Quay;-8.477385;51.901632;13-07-2017 13:03:00;6;12
0;North Main St.;-8.47844005;51.89974733;13-07-2017 13:03:00;6;9
0;Grattan St.;-8.47977966;51.8984737;13-07-2017 13:03:00;8;1
0;Wandesford Quay;-8.48004;51.896492;13-07-2017 13:03:00;7;14
0;Bishop St.;-8.4790268;51.89468826;13-07-2017 13:03:00;8;6
0;Camden Quay;-8.473342;51.901054;13-07-2017 13:03:00;7;13
0;Corn Market St.;-8.477;51.9;13-07-2017 13:03:00;18;4
0;Lapp's Quay;-8.465735;51.898144;13-07-2017 13:03:00;7;21
0;St. Patricks St.;-8.47261531;51.89850471;13-07-2017 13:03:00;9;10
0;South Main St.;-8.47689553164735;51.89694605306899;13-07-2017 13:03:00;9;1
0;Grand Parade;-8.47536977381303;51.89748023175811;13-07-2017 13:03:00;7;9
0;Peace Park;-8.47347588279142;51.89619469926869;13-07-2017 13:03:00;11;7
0;South Gate Bridge;-8.47586514429047;51.89549439125871;13-07-2017 13:03:00;7;5
0;Coburg St.;-8.47056736;51.90155283;13-07-2017 13:03:00;6;22
0;Emmet Place;-8.47270466388061;51.90020812214529;13-07-2017 13:03:00;10;10
0;South Mall;-8.46989982762231;51.89683855516081;13-07-2017 13:03:00;23;5
0;College of Commerce;-8.469797;51.8953;13-07-2017 13:03:00;12;10
0;Father Mathew Statue;-8.4706278;51.89967344;13-07-2017 13:03:00;7;8
0;Cork School of Music;-8.46809252166047;51.89631707505499;13-07-2017 13:03:00;5;10
1;Brian Boru Bridge;-8.465153;51.900405;13-07-2017 13:03:00;0;0
0;Bus Station;-8.46695074;51.89951532;13-07-2017 13:03:00;8;12
0;Cork City Hall;-8.466;51.897;13-07-2017 13:03:00;9;4
0;Lower Glanmire Rd.;-8.46411816;51.90137057;13-07-2017 13:03:00;12;9
0;Clontarf Street;-8.46562933177544;51.89848186918711;13-07-2017 13:03:00;6;3
0;Kent Station;-8.45821512;51.90196195;13-07-2017 13:03:00;9;20
0;Gaol Walk;-8.494174;51.893604;13-07-2017 13:08:00;12;12
0;Fitzgerald's Park;-8.49341266;51.89555327;13-07-2017 13:08:00;9;3
0;Bandfield;-8.4891363;51.89580557;13-07-2017 13:08:00;10;22
0;Dyke Parade;-8.48458467;51.89718531;13-07-2017 13:08:00;8;2
0;Mercy Hospital;-8.48225676;51.89911495;13-07-2017 13:08:00;6;7
0;St. Fin Barre's Bridge;-8.48196155;51.89710212;13-07-2017 13:08:00;15;4
0;Pope's Quay;-8.477385;51.901632;13-07-2017 13:08:00;6;12
0;North Main St.;-8.47844005;51.89974733;13-07-2017 13:08:00;5;10
0;Grattan St.;-8.47977966;51.8984737;13-07-2017 13:08:00;8;1
0;Wandesford Quay;-8.48004;51.896492;13-07-2017 13:08:00;7;14
0;Bishop St.;-8.4790268;51.89468826;13-07-2017 13:08:00;8;6
0;Camden Quay;-8.473342;51.901054;13-07-2017 13:08:00;7;13
0;Corn Market St.;-8.477;51.9;13-07-2017 13:08:00;18;4
0;Lapp's Quay;-8.465735;51.898144;13-07-2017 13:08:00;6;22
0;St. Patricks St.;-8.47261531;51.89850471;13-07-2017 13:08:00;8;11
0;South Main St.;-8.47689553164735;51.89694605306899;13-07-2017 13:08:00;7;3
0;Grand Parade;-8.47536977381303;51.89748023175811;13-07-2017 13:08:00;7;9
0;Peace Park;-8.47347588279142;51.89619469926869;13-07-2017 13:08:00;10;8
0;South Gate Bridge;-8.47586514429047;51.89549439125871;13-07-2017 13:08:00;7;5
0;Coburg St.;-8.47056736;51.90155283;13-07-2017 13:08:00;6;22
0;Emmet Place;-8.47270466388061;51.90020812214529;13-07-2017 13:08:00;11;9
0;South Mall;-8.46989982762231;51.89683855516081;13-07-2017 13:08:00;23;5
0;College of Commerce;-8.469797;51.8953;13-07-2017 13:08:00;12;9
0;Father Mathew Statue;-8.4706278;51.89967344;13-07-2017 13:08:00;7;8
0;Cork School of Music;-8.46809252166047;51.89631707505499;13-07-2017 13:08:00;5;10
1;Brian Boru Bridge;-8.465153;51.900405;13-07-2017 13:08:00;0;0
0;Bus Station;-8.46695074;51.89951532;13-07-2017 13:08:00;8;12
0;Cork City Hall;-8.466;51.897;13-07-2017 13:08:00;8;5
0;Lower Glanmire Rd.;-8.46411816;51.90137057;13-07-2017 13:08:00;12;9
0;Clontarf Street;-8.46562933177544;51.89848186918711;13-07-2017 13:08:00;6;3
0;Kent Station;-8.45821512;51.90196195;13-07-2017 13:08:00;9;20
0;Gaol Walk;-8.494174;51.893604;13-07-2017 13:13:00;10;14
0;Fitzgerald's Park;-8.49341266;51.89555327;13-07-2017 13:13:00;9;3
0;Bandfield;-8.4891363;51.89580557;13-07-2017 13:13:00;8;24
0;Dyke Parade;-8.48458467;51.89718531;13-07-2017 13:13:00;8;2
0;Mercy Hospital;-8.48225676;51.89911495;13-07-2017 13:13:00;6;7
0;St. Fin Barre's Bridge;-8.48196155;51.89710212;13-07-2017 13:13:00;15;4
0;Pope's Quay;-8.477385;51.901632;13-07-2017 13:13:00;6;12
0;North Main St.;-8.47844005;51.89974733;13-07-2017 13:13:00;5;10
0;Grattan St.;-8.47977966;51.8984737;13-07-2017 13:13:00;8;1
0;Wandesford Quay;-8.48004;51.896492;13-07-2017 13:13:00;7;14
0;Bishop St.;-8.4790268;51.89468826;13-07-2017 13:13:00;8;6
0;Camden Quay;-8.473342;51.901054;13-07-2017 13:13:00;7;13
0;Corn Market St.;-8.477;51.9;13-07-2017 13:13:00;18;4
0;Lapp's Quay;-8.465735;51.898144;13-07-2017 13:13:00;6;22
0;St. Patricks St.;-8.47261531;51.89850471;13-07-2017 13:13:00;9;10
0;South Main St.;-8.47689553164735;51.89694605306899;13-07-2017 13:13:00;7;3
0;Grand Parade;-8.47536977381303;51.89748023175811;13-07-2017 13:13:00;7;9
0;Peace Park;-8.47347588279142;51.89619469926869;13-07-2017 13:13:00;10;8
0;South Gate Bridge;-8.47586514429047;51.89549439125871;13-07-2017 13:13:00;7;5
0;Coburg St.;-8.47056736;51.90155283;13-07-2017 13:13:00;6;22
0;Emmet Place;-8.47270466388061;51.90020812214529;13-07-2017 13:13:00;12;8
0;South Mall;-8.46989982762231;51.89683855516081;13-07-2017 13:13:00;23;5
0;College of Commerce;-8.469797;51.8953;13-07-2017 13:13:00;13;8
0;Father Mathew Statue;-8.4706278;51.89967344;13-07-2017 13:13:00;8;7
0;Cork School of Music;-8.46809252166047;51.89631707505499;13-07-2017 13:13:00;5;10
1;Brian Boru Bridge;-8.465153;51.900405;13-07-2017 13:13:00;0;0
0;Bus Station;-8.46695074;51.89951532;13-07-2017 13:13:00;8;12
0;Cork City Hall;-8.466;51.897;13-07-2017 13:13:00;8;5
0;Lower Glanmire Rd.;-8.46411816;51.90137057;13-07-2017 13:13:00;11;10
0;Clontarf Street;-8.46562933177544;51.89848186918711;13-07-2017 13:13:00;7;2
0;Kent Station;-8.45821512;51.90196195;13-07-2017 13:13:00;9;20
0;Gaol Walk;-8.494174;51.893604;13-07-2017 13:18:00;9;15
0;Fitzgerald's Park;-8.49341266;51.89555327;13-07-2017 13:18:00;9;3
0;Bandfield;-8.4891363;51.89580557;13-07-2017 13:18:00;7;25
0;Dyke Parade;-8.48458467;51.89718531;13-07-2017 13:18:00;8;2
0;Mercy Hospital;-8.48225676;51.89911495;13-07-2017 13:18:00;6;7
0;St. Fin Barre's Bridge;-8.48196155;51.89710212;13-07-2017 13:18:00;15;4
0;Pope's Quay;-8.477385;51.901632;13-07-2017 13:18:00;6;12
0;North Main St.;-8.47844005;51.89974733;13-07-2017 13:18:00;6;9
0;Grattan St.;-8.47977966;51.8984737;13-07-2017 13:18:00;8;1
0;Wandesford Quay;-8.48004;51.896492;13-07-2017 13:18:00;7;14
0;Bishop St.;-8.4790268;51.89468826;13-07-2017 13:18:00;8;6
0;Camden Quay;-8.473342;51.901054;13-07-2017 13:18:00;7;13
0;Corn Market St.;-8.477;51.9;13-07-2017 13:18:00;18;4
0;Lapp's Quay;-8.465735;51.898144;13-07-2017 13:18:00;6;22
0;St. Patricks St.;-8.47261531;51.89850471;13-07-2017 13:18:00;9;10
0;South Main St.;-8.47689553164735;51.89694605306899;13-07-2017 13:18:00;7;3
0;Grand Parade;-8.47536977381303;51.89748023175811;13-07-2017 13:18:00;7;9
0;Peace Park;-8.47347588279142;51.89619469926869;13-07-2017 13:18:00;10;8
0;South Gate Bridge;-8.47586514429047;51.89549439125871;13-07-2017 13:18:00;9;3
0;Coburg St.;-8.47056736;51.90155283;13-07-2017 13:18:00;6;22
0;Emmet Place;-8.47270466388061;51.90020812214529;13-07-2017 13:18:00;12;8
0;South Mall;-8.46989982762231;51.89683855516081;13-07-2017 13:18:00;22;6
0;College of Commerce;-8.469797;51.8953;13-07-2017 13:18:00;12;9
0;Father Mathew Statue;-8.4706278;51.89967344;13-07-2017 13:18:00;7;8
0;Cork School of Music;-8.46809252166047;51.89631707505499;13-07-2017 13:18:00;5;10
1;Brian Boru Bridge;-8.465153;51.900405;13-07-2017 13:18:00;0;0
0;Bus Station;-8.46695074;51.89951532;13-07-2017 13:18:00;9;11
0;Cork City Hall;-8.466;51.897;13-07-2017 13:18:00;8;5
0;Lower Glanmire Rd.;-8.46411816;51.90137057;13-07-2017 13:18:00;11;10
0;Clontarf Street;-8.46562933177544;51.89848186918711;13-07-2017 13:18:00;7;2
0;Kent Station;-8.45821512;51.90196195;13-07-2017 13:18:00;9;20
0;Gaol Walk;-8.494174;51.893604;13-07-2017 13:23:00;8;16
0;Fitzgerald's Park;-8.49341266;51.89555327;13-07-2017 13:23:00;8;4
0;Bandfield;-8.4891363;51.89580557;13-07-2017 13:23:00;7;25
0;Dyke Parade;-8.48458467;51.89718531;13-07-2017 13:23:00;8;2
0;Mercy Hospital;-8.48225676;51.89911495;13-07-2017 13:23:00;7;6
0;St. Fin Barre's Bridge;-8.48196155;51.89710212;13-07-2017 13:23:00;16;3
0;Pope's Quay;-8.477385;51.901632;13-07-2017 13:23:00;6;12
0;North Main St.;-8.47844005;51.89974733;13-07-2017 13:23:00;6;9
0;Grattan St.;-8.47977966;51.8984737;13-07-2017 13:23:00;8;1
0;Wandesford Quay;-8.48004;51.896492;13-07-2017 13:23:00;7;14
0;Bishop St.;-8.4790268;51.89468826;13-07-2017 13:23:00;7;7
0;Camden Quay;-8.473342;51.901054;13-07-2017 13:23:00;7;13
0;Corn Market St.;-8.477;51.9;13-07-2017 13:23:00;19;3
0;Lapp's Quay;-8.465735;51.898144;13-07-2017 13:23:00;6;22
0;St. Patricks St.;-8.47261531;51.89850471;13-07-2017 13:23:00;10;9
0;South Main St.;-8.47689553164735;51.89694605306899;13-07-2017 13:23:00;7;3
0;Grand Parade;-8.47536977381303;51.89748023175811;13-07-2017 13:23:00;9;7
0;Peace Park;-8.47347588279142;51.89619469926869;13-07-2017 13:23:00;10;8
0;South Gate Bridge;-8.47586514429047;51.89549439125871;13-07-2017 13:23:00;9;3
0;Coburg St.;-8.47056736;51.90155283;13-07-2017 13:23:00;6;22
0;Emmet Place;-8.47270466388061;51.90020812214529;13-07-2017 13:23:00;12;8
0;South Mall;-8.46989982762231;51.89683855516081;13-07-2017 13:23:00;22;6
0;College of Commerce;-8.469797;51.8953;13-07-2017 13:23:00;13;8
0;Father Mathew Statue;-8.4706278;51.89967344;13-07-2017 13:23:00;7;8
0;Cork School of Music;-8.46809252166047;51.89631707505499;13-07-2017 13:23:00;5;10
1;Brian Boru Bridge;-8.465153;51.900405;13-07-2017 13:23:00;0;0
0;Bus Station;-8.46695074;51.89951532;13-07-2017 13:23:00;9;11
0;Cork City Hall;-8.466;51.897;13-07-2017 13:23:00;8;5
0;Lower Glanmire Rd.;-8.46411816;51.90137057;13-07-2017 13:23:00;11;10
0;Clontarf Street;-8.46562933177544;51.89848186918711;13-07-2017 13:23:00;8;1
0;Kent Station;-8.45821512;51.90196195;13-07-2017 13:23:00;9;20
0;Gaol Walk;-8.494174;51.893604;13-07-2017 13:28:00;6;18
0;Fitzgerald's Park;-8.49341266;51.89555327;13-07-2017 13:28:00;8;4
0;Bandfield;-8.4891363;51.89580557;13-07-2017 13:28:00;7;25
0;Dyke Parade;-8.48458467;51.89718531;13-07-2017 13:28:00;8;2
0;Mercy Hospital;-8.48225676;51.89911495;13-07-2017 13:28:00;7;6
0;St. Fin Barre's Bridge;-8.48196155;51.89710212;13-07-2017 13:28:00;15;4
0;Pope's Quay;-8.477385;51.901632;13-07-2017 13:28:00;6;12
0;North Main St.;-8.47844005;51.89974733;13-07-2017 13:28:00;6;9
0;Grattan St.;-8.47977966;51.8984737;13-07-2017 13:28:00;8;1
0;Wandesford Quay;-8.48004;51.896492;13-07-2017 13:28:00;7;14
0;Bishop St.;-8.4790268;51.89468826;13-07-2017 13:28:00;7;7
0;Camden Quay;-8.473342;51.901054;13-07-2017 13:28:00;6;14
0;Corn Market St.;-8.477;51.9;13-07-2017 13:28:00;19;3
0;Lapp's Quay;-8.465735;51.898144;13-07-2017 13:28:00;6;22
0;St. Patricks St.;-8.47261531;51.89850471;13-07-2017 13:28:00;10;9
0;South Main St.;-8.47689553164735;51.89694605306899;13-07-2017 13:28:00;7;3
0;Grand Parade;-8.47536977381303;51.89748023175811;13-07-2017 13:28:00;9;7
0;Peace Park;-8.47347588279142;51.89619469926869;13-07-2017 13:28:00;11;7
0;South Gate Bridge;-8.47586514429047;51.89549439125871;13-07-2017 13:28:00;9;3
0;Coburg St.;-8.47056736;51.90155283;13-07-2017 13:28:00;5;23
0;Emmet Place;-8.47270466388061;51.90020812214529;13-07-2017 13:28:00;12;8
0;South Mall;-8.46989982762231;51.89683855516081;13-07-2017 13:28:00;23;5
0;College of Commerce;-8.469797;51.8953;13-07-2017 13:28:00;13;8
0;Father Mathew Statue;-8.4706278;51.89967344;13-07-2017 13:28:00;7;8
0;Cork School of Music;-8.46809252166047;51.89631707505499;13-07-2017 13:28:00;6;9
1;Brian Boru Bridge;-8.465153;51.900405;13-07-2017 13:28:00;0;0
0;Bus Station;-8.46695074;51.89951532;13-07-2017 13:28:00;9;11
0;Cork City Hall;-8.466;51.897;13-07-2017 13:28:00;7;6
0;Lower Glanmire Rd.;-8.46411816;51.90137057;13-07-2017 13:28:00;11;10
0;Clontarf Street;-8.46562933177544;51.89848186918711;13-07-2017 13:28:00;8;1
0;Kent Station;-8.45821512;51.90196195;13-07-2017 13:28:00;13;16
0;Gaol Walk;-8.494174;51.893604;13-07-2017 13:33:00;5;19
0;Fitzgerald's Park;-8.49341266;51.89555327;13-07-2017 13:33:00;8;4
0;Bandfield;-8.4891363;51.89580557;13-07-2017 13:33:00;6;26
0;Dyke Parade;-8.48458467;51.89718531;13-07-2017 13:33:00;8;2
0;Mercy Hospital;-8.48225676;51.89911495;13-07-2017 13:33:00;7;6
0;St. Fin Barre's Bridge;-8.48196155;51.89710212;13-07-2017 13:33:00;17;1
0;Pope's Quay;-8.477385;51.901632;13-07-2017 13:33:00;7;11
0;North Main St.;-8.47844005;51.89974733;13-07-2017 13:33:00;5;10
0;Grattan St.;-8.47977966;51.8984737;13-07-2017 13:33:00;9;0
0;Wandesford Quay;-8.48004;51.896492;13-07-2017 13:33:00;7;14
0;Bishop St.;-8.4790268;51.89468826;13-07-2017 13:33:00;7;7
0;Camden Quay;-8.473342;51.901054;13-07-2017 13:33:00;6;14
0;Corn Market St.;-8.477;51.9;13-07-2017 13:33:00;19;3
0;Lapp's Quay;-8.465735;51.898144;13-07-2017 13:33:00;6;22
0;St. Patricks St.;-8.47261531;51.89850471;13-07-2017 13:33:00;11;8
0;South Main St.;-8.47689553164735;51.89694605306899;13-07-2017 13:33:00;7;3
0;Grand Parade;-8.47536977381303;51.89748023175811;13-07-2017 13:33:00;10;5
0;Peace Park;-8.47347588279142;51.89619469926869;13-07-2017 13:33:00;11;7
0;South Gate Bridge;-8.47586514429047;51.89549439125871;13-07-2017 13:33:00;9;3
0;Coburg St.;-8.47056736;51.90155283;13-07-2017 13:33:00;5;23
0;Emmet Place;-8.47270466388061;51.90020812214529;13-07-2017 13:33:00;13;7
0;South Mall;-8.46989982762231;51.89683855516081;13-07-2017 13:33:00;23;5
0;College of Commerce;-8.469797;51.8953;13-07-2017 13:33:00;13;8
0;Father Mathew Statue;-8.4706278;51.89967344;13-07-2017 13:33:00;7;8
0;Cork School of Music;-8.46809252166047;51.89631707505499;13-07-2017 13:33:00;6;9
1;Brian Boru Bridge;-8.465153;51.900405;13-07-2017 13:33:00;0;0
0;Bus Station;-8.46695074;51.89951532;13-07-2017 13:33:00;8;12
0;Cork City Hall;-8.466;51.897;13-07-2017 13:33:00;7;6
0;Lower Glanmire Rd.;-8.46411816;51.90137057;13-07-2017 13:33:00;11;10
0;Clontarf Street;-8.46562933177544;51.89848186918711;13-07-2017 13:33:00;8;1
0;Kent Station;-8.45821512;51.90196195;13-07-2017 13:33:00;13;16
0;Gaol Walk;-8.494174;51.893604;13-07-2017 13:38:00;4;20
0;Fitzgerald's Park;-8.49341266;51.89555327;13-07-2017 13:38:00;9;3
0;Bandfield;-8.4891363;51.89580557;13-07-2017 13:38:00;6;26
0;Dyke Parade;-8.48458467;51.89718531;13-07-2017 13:38:00;8;2
0;Mercy Hospital;-8.48225676;51.89911495;13-07-2017 13:38:00;7;6
0;St. Fin Barre's Bridge;-8.48196155;51.89710212;13-07-2017 13:38:00;17;1
0;Pope's Quay;-8.477385;51.901632;13-07-2017 13:38:00;7;11
0;North Main St.;-8.47844005;51.89974733;13-07-2017 13:38:00;5;10
0;Grattan St.;-8.47977966;51.8984737;13-07-2017 13:38:00;9;0
0;Wandesford Quay;-8.48004;51.896492;13-07-2017 13:38:00;7;14
0;Bishop St.;-8.4790268;51.89468826;13-07-2017 13:38:00;6;8
0;Camden Quay;-8.473342;51.901054;13-07-2017 13:38:00;6;14
0;Corn Market St.;-8.477;51.9;13-07-2017 13:38:00;18;4
0;Lapp's Quay;-8.465735;51.898144;13-07-2017 13:38:00;6;22
0;St. Patricks St.;-8.47261531;51.89850471;13-07-2017 13:38:00;11;8
0;South Main St.;-8.47689553164735;51.89694605306899;13-07-2017 13:38:00;7;3
0;Grand Parade;-8.47536977381303;51.89748023175811;13-07-2017 13:38:00;10;5
0;Peace Park;-8.47347588279142;51.89619469926869;13-07-2017 13:38:00;11;7
0;South Gate Bridge;-8.47586514429047;51.89549439125871;13-07-2017 13:38:00;9;3
0;Coburg St.;-8.47056736;51.90155283;13-07-2017 13:38:00;5;23
0;Emmet Place;-8.47270466388061;51.90020812214529;13-07-2017 13:38:00;13;7
0;South Mall;-8.46989982762231;51.89683855516081;13-07-2017 13:38:00;23;5
0;College of Commerce;-8.469797;51.8953;13-07-2017 13:38:00;13;8
0;Father Mathew Statue;-8.4706278;51.89967344;13-07-2017 13:38:00;7;8
0;Cork School of Music;-8.46809252166047;51.89631707505499;13-07-2017 13:38:00;6;9
1;Brian Boru Bridge;-8.465153;51.900405;13-07-2017 13:38:00;0;0
0;Bus Station;-8.46695074;51.89951532;13-07-2017 13:38:00;8;12
0;Cork City Hall;-8.466;51.897;13-07-2017 13:38:00;7;6
0;Lower Glanmire Rd.;-8.46411816;51.90137057;13-07-2017 13:38:00;11;10
0;Clontarf Street;-8.46562933177544;51.89848186918711;13-07-2017 13:38:00;9;0
0;Kent Station;-8.45821512;51.90196195;13-07-2017 13:38:00;13;16
0;Gaol Walk;-8.494174;51.893604;13-07-2017 13:43:00;4;20
0;Fitzgerald's Park;-8.49341266;51.89555327;13-07-2017 13:43:00;10;2
0;Bandfield;-8.4891363;51.89580557;13-07-2017 13:43:00;6;26
0;Dyke Parade;-8.48458467;51.89718531;13-07-2017 13:43:00;8;2
0;Mercy Hospital;-8.48225676;51.89911495;13-07-2017 13:43:00;7;6
0;St. Fin Barre's Bridge;-8.48196155;51.89710212;13-07-2017 13:43:00;16;3
0;Pope's Quay;-8.477385;51.901632;13-07-2017 13:43:00;7;11
0;North Main St.;-8.47844005;51.89974733;13-07-2017 13:43:00;5;10
0;Grattan St.;-8.47977966;51.8984737;13-07-2017 13:43:00;9;0
0;Wandesford Quay;-8.48004;51.896492;13-07-2017 13:43:00;7;14
0;Bishop St.;-8.4790268;51.89468826;13-07-2017 13:43:00;5;9
0;Camden Quay;-8.473342;51.901054;13-07-2017 13:43:00;6;14
0;Corn Market St.;-8.477;51.9;13-07-2017 13:43:00;19;3
0;Lapp's Quay;-8.465735;51.898144;13-07-2017 13:43:00;5;23
0;St. Patricks St.;-8.47261531;51.89850471;13-07-2017 13:43:00;10;9
0;South Main St.;-8.47689553164735;51.89694605306899;13-07-2017 13:43:00;7;3
0;Grand Parade;-8.47536977381303;51.89748023175811;13-07-2017 13:43:00;11;4
0;Peace Park;-8.47347588279142;51.89619469926869;13-07-2017 13:43:00;11;7
0;South Gate Bridge;-8.47586514429047;51.89549439125871;13-07-2017 13:43:00;9;3
0;Coburg St.;-8.47056736;51.90155283;13-07-2017 13:43:00;5;23
0;Emmet Place;-8.47270466388061;51.90020812214529;13-07-2017 13:43:00;13;7
0;South Mall;-8.46989982762231;51.89683855516081;13-07-2017 13:43:00;22;6
0;College of Commerce;-8.469797;51.8953;13-07-2017 13:43:00;12;9
0;Father Mathew Statue;-8.4706278;51.89967344;13-07-2017 13:43:00;7;8
0;Cork School of Music;-8.46809252166047;51.89631707505499;13-07-2017 13:43:00;7;8
1;Brian Boru Bridge;-8.465153;51.900405;13-07-2017 13:43:00;0;0
0;Bus Station;-8.46695074;51.89951532;13-07-2017 13:43:00;7;13
0;Cork City Hall;-8.466;51.897;13-07-2017 13:43:00;8;5
0;Lower Glanmire Rd.;-8.46411816;51.90137057;13-07-2017 13:43:00;11;10
0;Clontarf Street;-8.46562933177544;51.89848186918711;13-07-2017 13:43:00;9;0
0;Kent Station;-8.45821512;51.90196195;13-07-2017 13:43:00;13;16
0;Gaol Walk;-8.494174;51.893604;13-07-2017 13:48:00;5;19
0;Fitzgerald's Park;-8.49341266;51.89555327;13-07-2017 13:48:00;11;1
0;Bandfield;-8.4891363;51.89580557;13-07-2017 13:48:00;6;26
0;Dyke Parade;-8.48458467;51.89718531;13-07-2017 13:48:00;8;2
0;Mercy Hospital;-8.48225676;51.89911495;13-07-2017 13:48:00;7;6
0;St. Fin Barre's Bridge;-8.48196155;51.89710212;13-07-2017 13:48:00;16;3
0;Pope's Quay;-8.477385;51.901632;13-07-2017 13:48:00;7;11
0;North Main St.;-8.47844005;51.89974733;13-07-2017 13:48:00;5;10
0;Grattan St.;-8.47977966;51.8984737;13-07-2017 13:48:00;9;0
0;Wandesford Quay;-8.48004;51.896492;13-07-2017 13:48:00;7;14
0;Bishop St.;-8.4790268;51.89468826;13-07-2017 13:48:00;4;10
0;Camden Quay;-8.473342;51.901054;13-07-2017 13:48:00;6;14
0;Corn Market St.;-8.477;51.9;13-07-2017 13:48:00;19;3
0;Lapp's Quay;-8.465735;51.898144;13-07-2017 13:48:00;5;23
0;St. Patricks St.;-8.47261531;51.89850471;13-07-2017 13:48:00;9;10
0;South Main St.;-8.47689553164735;51.89694605306899;13-07-2017 13:48:00;7;3
0;Grand Parade;-8.47536977381303;51.89748023175811;13-07-2017 13:48:00;10;5
0;Peace Park;-8.47347588279142;51.89619469926869;13-07-2017 13:48:00;11;7
0;South Gate Bridge;-8.47586514429047;51.89549439125871;13-07-2017 13:48:00;9;3
0;Coburg St.;-8.47056736;51.90155283;13-07-2017 13:48:00;5;23
0;Emmet Place;-8.47270466388061;51.90020812214529;13-07-2017 13:48:00;13;7
0;South Mall;-8.46989982762231;51.89683855516081;13-07-2017 13:48:00;22;6
0;College of Commerce;-8.469797;51.8953;13-07-2017 13:48:00;11;10
0;Father Mathew Statue;-8.4706278;51.89967344;13-07-2017 13:48:00;7;8
0;Cork School of Music;-8.46809252166047;51.89631707505499;13-07-2017 13:48:00;7;8
1;Brian Boru Bridge;-8.465153;51.900405;13-07-2017 13:48:00;0;0
0;Bus Station;-8.46695074;51.89951532;13-07-2017 13:48:00;7;13
0;Cork City Hall;-8.466;51.897;13-07-2017 13:48:00;8;5
0;Lower Glanmire Rd.;-8.46411816;51.90137057;13-07-2017 13:48:00;11;10
0;Clontarf Street;-8.46562933177544;51.89848186918711;13-07-2017 13:48:00;9;0
0;Kent Station;-8.45821512;51.90196195;13-07-2017 13:48:00;13;16
0;Gaol Walk;-8.494174;51.893604;13-07-2017 13:53:00;6;18
0;Fitzgerald's Park;-8.49341266;51.89555327;13-07-2017 13:53:00;9;3
0;Bandfield;-8.4891363;51.89580557;13-07-2017 13:53:00;8;24
0;Dyke Parade;-8.48458467;51.89718531;13-07-2017 13:53:00;8;2
0;Mercy Hospital;-8.48225676;51.89911495;13-07-2017 13:53:00;7;6
0;St. Fin Barre's Bridge;-8.48196155;51.89710212;13-07-2017 13:53:00;16;3
0;Pope's Quay;-8.477385;51.901632;13-07-2017 13:53:00;8;10
0;North Main St.;-8.47844005;51.89974733;13-07-2017 13:53:00;4;11
0;Grattan St.;-8.47977966;51.8984737;13-07-2017 13:53:00;9;0
0;Wandesford Quay;-8.48004;51.896492;13-07-2017 13:53:00;7;14
0;Bishop St.;-8.4790268;51.89468826;13-07-2017 13:53:00;4;10
0;Camden Quay;-8.473342;51.901054;13-07-2017 13:53:00;6;14
0;Corn Market St.;-8.477;51.9;13-07-2017 13:53:00;19;3
0;Lapp's Quay;-8.465735;51.898144;13-07-2017 13:53:00;5;23
0;St. Patricks St.;-8.47261531;51.89850471;13-07-2017 13:53:00;10;9
0;South Main St.;-8.47689553164735;51.89694605306899;13-07-2017 13:53:00;7;3
0;Grand Parade;-8.47536977381303;51.89748023175811;13-07-2017 13:53:00;10;5
0;Peace Park;-8.47347588279142;51.89619469926869;13-07-2017 13:53:00;11;7
0;South Gate Bridge;-8.47586514429047;51.89549439125871;13-07-2017 13:53:00;7;5
0;Coburg St.;-8.47056736;51.90155283;13-07-2017 13:53:00;5;23
0;Emmet Place;-8.47270466388061;51.90020812214529;13-07-2017 13:53:00;13;7
0;South Mall;-8.46989982762231;51.89683855516081;13-07-2017 13:53:00;22;6
0;College of Commerce;-8.469797;51.8953;13-07-2017 13:53:00;10;11
0;Father Mathew Statue;-8.4706278;51.89967344;13-07-2017 13:53:00;7;8
0;Cork School of Music;-8.46809252166047;51.89631707505499;13-07-2017 13:53:00;7;8
1;Brian Boru Bridge;-8.465153;51.900405;13-07-2017 13:53:00;0;0
0;Bus Station;-8.46695074;51.89951532;13-07-2017 13:53:00;7;13
0;Cork City Hall;-8.466;51.897;13-07-2017 13:53:00;8;5
0;Lower Glanmire Rd.;-8.46411816;51.90137057;13-07-2017 13:53:00;11;10
0;Clontarf Street;-8.46562933177544;51.89848186918711;13-07-2017 13:53:00;9;0
0;Kent Station;-8.45821512;51.90196195;13-07-2017 13:53:00;14;15
0;Gaol Walk;-8.494174;51.893604;13-07-2017 13:58:00;6;18
0;Fitzgerald's Park;-8.49341266;51.89555327;13-07-2017 13:58:00;11;1
0;Bandfield;-8.4891363;51.89580557;13-07-2017 13:58:00;7;25
0;Dyke Parade;-8.48458467;51.89718531;13-07-2017 13:58:00;8;2
0;Mercy Hospital;-8.48225676;51.89911495;13-07-2017 13:58:00;7;6
0;St. Fin Barre's Bridge;-8.48196155;51.89710212;13-07-2017 13:58:00;16;3
0;Pope's Quay;-8.477385;51.901632;13-07-2017 13:58:00;10;8
0;North Main St.;-8.47844005;51.89974733;13-07-2017 13:58:00;5;10
0;Grattan St.;-8.47977966;51.8984737;13-07-2017 13:58:00;9;0
0;Wandesford Quay;-8.48004;51.896492;13-07-2017 13:58:00;7;14
0;Bishop St.;-8.4790268;51.89468826;13-07-2017 13:58:00;4;10
0;Camden Quay;-8.473342;51.901054;13-07-2017 13:58:00;6;14
0;Corn Market St.;-8.477;51.9;13-07-2017 13:58:00;16;6
0;Lapp's Quay;-8.465735;51.898144;13-07-2017 13:58:00;6;22
0;St. Patricks St.;-8.47261531;51.89850471;13-07-2017 13:58:00;10;9
0;South Main St.;-8.47689553164735;51.89694605306899;13-07-2017 13:58:00;7;3
0;Grand Parade;-8.47536977381303;51.89748023175811;13-07-2017 13:58:00;9;6
0;Peace Park;-8.47347588279142;51.89619469926869;13-07-2017 13:58:00;10;8
0;South Gate Bridge;-8.47586514429047;51.89549439125871;13-07-2017 13:58:00;7;5
0;Coburg St.;-8.47056736;51.90155283;13-07-2017 13:58:00;5;23
0;Emmet Place;-8.47270466388061;51.90020812214529;13-07-2017 13:58:00;13;7
0;South Mall;-8.46989982762231;51.89683855516081;13-07-2017 13:58:00;22;6
0;College of Commerce;-8.469797;51.8953;13-07-2017 13:58:00;10;11
0;Father Mathew Statue;-8.4706278;51.89967344;13-07-2017 13:58:00;6;9
0;Cork School of Music;-8.46809252166047;51.89631707505499;13-07-2017 13:58:00;7;8
1;Brian Boru Bridge;-8.465153;51.900405;13-07-2017 13:58:00;0;0
0;Bus Station;-8.46695074;51.89951532;13-07-2017 13:58:00;7;13
0;Cork City Hall;-8.466;51.897;13-07-2017 13:58:00;7;6
0;Lower Glanmire Rd.;-8.46411816;51.90137057;13-07-2017 13:58:00;11;10
0;Clontarf Street;-8.46562933177544;51.89848186918711;13-07-2017 13:58:00;9;0
0;Kent Station;-8.45821512;51.90196195;13-07-2017 13:58:00;14;15
0;Gaol Walk;-8.494174;51.893604;13-07-2017 14:03:00;7;17
0;Fitzgerald's Park;-8.49341266;51.89555327;13-07-2017 14:03:00;11;1
0;Bandfield;-8.4891363;51.89580557;13-07-2017 14:03:00;7;25
0;Dyke Parade;-8.48458467;51.89718531;13-07-2017 14:03:00;8;2
0;Mercy Hospital;-8.48225676;51.89911495;13-07-2017 14:03:00;7;6
0;St. Fin Barre's Bridge;-8.48196155;51.89710212;13-07-2017 14:03:00;17;2
0;Pope's Quay;-8.477385;51.901632;13-07-2017 14:03:00;10;8
0;North Main St.;-8.47844005;51.89974733;13-07-2017 14:03:00;5;10
0;Grattan St.;-8.47977966;51.8984737;13-07-2017 14:03:00;9;0
0;Wandesford Quay;-8.48004;51.896492;13-07-2017 14:03:00;7;14
0;Bishop St.;-8.4790268;51.89468826;13-07-2017 14:03:00;5;9
0;Camden Quay;-8.473342;51.901054;13-07-2017 14:03:00;6;14
0;Corn Market St.;-8.477;51.9;13-07-2017 14:03:00;16;6
0;Lapp's Quay;-8.465735;51.898144;13-07-2017 14:03:00;6;22
0;St. Patricks St.;-8.47261531;51.89850471;13-07-2017 14:03:00;9;10
0;South Main St.;-8.47689553164735;51.89694605306899;13-07-2017 14:03:00;7;3
0;Grand Parade;-8.47536977381303;51.89748023175811;13-07-2017 14:03:00;9;7
0;Peace Park;-8.47347588279142;51.89619469926869;13-07-2017 14:03:00;10;8
0;South Gate Bridge;-8.47586514429047;51.89549439125871;13-07-2017 14:03:00;7;5
0;Coburg St.;-8.47056736;51.90155283;13-07-2017 14:03:00;5;23
0;Emmet Place;-8.47270466388061;51.90020812214529;13-07-2017 14:03:00;14;6
0;South Mall;-8.46989982762231;51.89683855516081;13-07-2017 14:03:00;21;7
0;College of Commerce;-8.469797;51.8953;13-07-2017 14:03:00;11;10
0;Father Mathew Statue;-8.4706278;51.89967344;13-07-2017 14:03:00;6;9
0;Cork School of Music;-8.46809252166047;51.89631707505499;13-07-2017 14:03:00;7;8
1;Brian Boru Bridge;-8.465153;51.900405;13-07-2017 14:03:00;0;0
0;Bus Station;-8.46695074;51.89951532;13-07-2017 14:03:00;7;13
0;Cork City Hall;-8.466;51.897;13-07-2017 14:03:00;8;5
0;Lower Glanmire Rd.;-8.46411816;51.90137057;13-07-2017 14:03:00;13;8
0;Clontarf Street;-8.46562933177544;51.89848186918711;13-07-2017 14:03:00;9;0
0;Kent Station;-8.45821512;51.90196195;13-07-2017 14:03:00;14;15
0;Gaol Walk;-8.494174;51.893604;13-07-2017 14:08:00;6;18
0;Fitzgerald's Park;-8.49341266;51.89555327;13-07-2017 14:08:00;11;1
0;Bandfield;-8.4891363;51.89580557;13-07-2017 14:08:00;6;26
0;Dyke Parade;-8.48458467;51.89718531;13-07-2017 14:08:00;8;2
0;Mercy Hospital;-8.48225676;51.89911495;13-07-2017 14:08:00;7;6
0;St. Fin Barre's Bridge;-8.48196155;51.89710212;13-07-2017 14:08:00;18;1
0;Pope's Quay;-8.477385;51.901632;13-07-2017 14:08:00;10;8
0;North Main St.;-8.47844005;51.89974733;13-07-2017 14:08:00;4;11
0;Grattan St.;-8.47977966;51.8984737;13-07-2017 14:08:00;9;0
0;Wandesford Quay;-8.48004;51.896492;13-07-2017 14:08:00;7;14
0;Bishop St.;-8.4790268;51.89468826;13-07-2017 14:08:00;5;9
0;Camden Quay;-8.473342;51.901054;13-07-2017 14:08:00;6;14
0;Corn Market St.;-8.477;51.9;13-07-2017 14:08:00;16;6
0;Lapp's Quay;-8.465735;51.898144;13-07-2017 14:08:00;6;22
0;St. Patricks St.;-8.47261531;51.89850471;13-07-2017 14:08:00;9;10
0;South Main St.;-8.47689553164735;51.89694605306899;13-07-2017 14:08:00;6;4
0;Grand Parade;-8.47536977381303;51.89748023175811;13-07-2017 14:08:00;9;7
0;Peace Park;-8.47347588279142;51.89619469926869;13-07-2017 14:08:00;10;8
0;South Gate Bridge;-8.47586514429047;51.89549439125871;13-07-2017 14:08:00;7;5
0;Coburg St.;-8.47056736;51.90155283;13-07-2017 14:08:00;5;23
0;Emmet Place;-8.47270466388061;51.90020812214529;13-07-2017 14:08:00;14;6
0;South Mall;-8.46989982762231;51.89683855516081;13-07-2017 14:08:00;21;7
0;College of Commerce;-8.469797;51.8953;13-07-2017 14:08:00;11;10
0;Father Mathew Statue;-8.4706278;51.89967344;13-07-2017 14:08:00;6;9
0;Cork School of Music;-8.46809252166047;51.89631707505499;13-07-2017 14:08:00;7;8
1;Brian Boru Bridge;-8.465153;51.900405;13-07-2017 14:08:00;0;0
0;Bus Station;-8.46695074;51.89951532;13-07-2017 14:08:00;7;13
0;Cork City Hall;-8.466;51.897;13-07-2017 14:08:00;9;4
0;Lower Glanmire Rd.;-8.46411816;51.90137057;13-07-2017 14:08:00;13;8
0;Clontarf Street;-8.46562933177544;51.89848186918711;13-07-2017 14:08:00;9;0
0;Kent Station;-8.45821512;51.90196195;13-07-2017 14:08:00;16;13
0;Gaol Walk;-8.494174;51.893604;13-07-2017 14:11:00;6;18
0;Fitzgerald's Park;-8.49341266;51.89555327;13-07-2017 14:11:00;11;1
0;Bandfield;-8.4891363;51.89580557;13-07-2017 14:11:00;7;25
0;Dyke Parade;-8.48458467;51.89718531;13-07-2017 14:11:00;8;2
0;Mercy Hospital;-8.48225676;51.89911495;13-07-2017 14:11:00;7;6
0;St. Fin Barre's Bridge;-8.48196155;51.89710212;13-07-2017 14:11:00;18;1
0;Pope's Quay;-8.477385;51.901632;13-07-2017 14:11:00;10;8
0;North Main St.;-8.47844005;51.89974733;13-07-2017 14:11:00;4;11
0;Grattan St.;-8.47977966;51.8984737;13-07-2017 14:11:00;9;0
0;Wandesford Quay;-8.48004;51.896492;13-07-2017 14:11:00;7;14
0;Bishop St.;-8.4790268;51.89468826;13-07-2017 14:11:00;5;9
0;Camden Quay;-8.473342;51.901054;13-07-2017 14:11:00;6;14
0;Corn Market St.;-8.477;51.9;13-07-2017 14:11:00;16;6
0;Lapp's Quay;-8.465735;51.898144;13-07-2017 14:11:00;6;22
0;St. Patricks St.;-8.47261531;51.89850471;13-07-2017 14:11:00;8;11
0;South Main St.;-8.47689553164735;51.89694605306899;13-07-2017 14:11:00;7;3
0;Grand Parade;-8.47536977381303;51.89748023175811;13-07-2017 14:11:00;10;6
0;Peace Park;-8.47347588279142;51.89619469926869;13-07-2017 14:11:00;10;8
0;South Gate Bridge;-8.47586514429047;51.89549439125871;13-07-2017 14:11:00;6;6
0;Coburg St.;-8.47056736;51.90155283;13-07-2017 14:11:00;4;24
0;Emmet Place;-8.47270466388061;51.90020812214529;13-07-2017 14:11:00;14;6
0;South Mall;-8.46989982762231;51.89683855516081;13-07-2017 14:11:00;21;7
0;College of Commerce;-8.469797;51.8953;13-07-2017 14:11:00;11;10
0;Father Mathew Statue;-8.4706278;51.89967344;13-07-2017 14:11:00;5;10
0;Cork School of Music;-8.46809252166047;51.89631707505499;13-07-2017 14:11:00;7;8
1;Brian Boru Bridge;-8.465153;51.900405;13-07-2017 14:11:00;0;0
0;Bus Station;-8.46695074;51.89951532;13-07-2017 14:11:00;7;13
0;Cork City Hall;-8.466;51.897;13-07-2017 14:11:00;9;4
0;Lower Glanmire Rd.;-8.46411816;51.90137057;13-07-2017 14:11:00;13;8
0;Clontarf Street;-8.46562933177544;51.89848186918711;13-07-2017 14:11:00;9;0
0;Kent Station;-8.45821512;51.90196195;13-07-2017 14:11:00;16;13
0;Gaol Walk;-8.494174;51.893604;13-07-2017 14:18:00;6;18
0;Fitzgerald's Park;-8.49341266;51.89555327;13-07-2017 14:18:00;11;1
0;Bandfield;-8.4891363;51.89580557;13-07-2017 14:18:00;8;24
0;Dyke Parade;-8.48458467;51.89718531;13-07-2017 14:18:00;8;2
0;Mercy Hospital;-8.48225676;51.89911495;13-07-2017 14:18:00;7;6
0;St. Fin Barre's Bridge;-8.48196155;51.89710212;13-07-2017 14:18:00;18;1
0;Pope's Quay;-8.477385;51.901632;13-07-2017 14:18:00;10;8
0;North Main St.;-8.47844005;51.89974733;13-07-2017 14:18:00;4;11
0;Grattan St.;-8.47977966;51.8984737;13-07-2017 14:18:00;9;0
0;Wandesford Quay;-8.48004;51.896492;13-07-2017 14:18:00;7;14
0;Bishop St.;-8.4790268;51.89468826;13-07-2017 14:18:00;5;9
0;Camden Quay;-8.473342;51.901054;13-07-2017 14:18:00;6;14
0;Corn Market St.;-8.477;51.9;13-07-2017 14:18:00;16;6
0;Lapp's Quay;-8.465735;51.898144;13-07-2017 14:18:00;6;22
0;St. Patricks St.;-8.47261531;51.89850471;13-07-2017 14:18:00;7;12
0;South Main St.;-8.47689553164735;51.89694605306899;13-07-2017 14:18:00;7;3
0;Grand Parade;-8.47536977381303;51.89748023175811;13-07-2017 14:18:00;10;7
0;Peace Park;-8.47347588279142;51.89619469926869;13-07-2017 14:18:00;10;8
0;South Gate Bridge;-8.47586514429047;51.89549439125871;13-07-2017 14:18:00;6;6
0;Coburg St.;-8.47056736;51.90155283;13-07-2017 14:18:00;3;25
0;Emmet Place;-8.47270466388061;51.90020812214529;13-07-2017 14:18:00;14;6
0;South Mall;-8.46989982762231;51.89683855516081;13-07-2017 14:18:00;21;7
0;College of Commerce;-8.469797;51.8953;13-07-2017 14:18:00;11;10
0;Father Mathew Statue;-8.4706278;51.89967344;13-07-2017 14:18:00;5;10
0;Cork School of Music;-8.46809252166047;51.89631707505499;13-07-2017 14:18:00;7;8
1;Brian Boru Bridge;-8.465153;51.900405;13-07-2017 14:18:00;0;0
0;Bus Station;-8.46695074;51.89951532;13-07-2017 14:18:00;7;13
0;Cork City Hall;-8.466;51.897;13-07-2017 14:18:00;10;3
0;Lower Glanmire Rd.;-8.46411816;51.90137057;13-07-2017 14:18:00;13;8
0;Clontarf Street;-8.46562933177544;51.89848186918711;13-07-2017 14:18:00;9;0
0;Kent Station;-8.45821512;51.90196195;13-07-2017 14:18:00;16;13
0;Gaol Walk;-8.494174;51.893604;13-07-2017 14:23:00;8;16
0;Fitzgerald's Park;-8.49341266;51.89555327;13-07-2017 14:23:00;11;1
0;Bandfield;-8.4891363;51.89580557;13-07-2017 14:23:00;9;23
0;Dyke Parade;-8.48458467;51.89718531;13-07-2017 14:23:00;8;2
0;Mercy Hospital;-8.48225676;51.89911495;13-07-2017 14:23:00;7;6
0;St. Fin Barre's Bridge;-8.48196155;51.89710212;13-07-2017 14:23:00;18;1
0;Pope's Quay;-8.477385;51.901632;13-07-2017 14:23:00;10;8
0;North Main St.;-8.47844005;51.89974733;13-07-2017 14:23:00;4;11
0;Grattan St.;-8.47977966;51.8984737;13-07-2017 14:23:00;9;0
0;Wandesford Quay;-8.48004;51.896492;13-07-2017 14:23:00;7;14
0;Bishop St.;-8.4790268;51.89468826;13-07-2017 14:23:00;5;9
0;Camden Quay;-8.473342;51.901054;13-07-2017 14:23:00;6;14
0;Corn Market St.;-8.477;51.9;13-07-2017 14:23:00;16;6
0;Lapp's Quay;-8.465735;51.898144;13-07-2017 14:23:00;6;22
0;St. Patricks St.;-8.47261531;51.89850471;13-07-2017 14:23:00;7;12
0;South Main St.;-8.47689553164735;51.89694605306899;13-07-2017 14:23:00;7;3
0;Grand Parade;-8.47536977381303;51.89748023175811;13-07-2017 14:23:00;11;5
0;Peace Park;-8.47347588279142;51.89619469926869;13-07-2017 14:23:00;10;8
0;South Gate Bridge;-8.47586514429047;51.89549439125871;13-07-2017 14:23:00;6;6
0;Coburg St.;-8.47056736;51.90155283;13-07-2017 14:23:00;2;26
0;Emmet Place;-8.47270466388061;51.90020812214529;13-07-2017 14:23:00;14;6
0;South Mall;-8.46989982762231;51.89683855516081;13-07-2017 14:23:00;21;7
0;College of Commerce;-8.469797;51.8953;13-07-2017 14:23:00;11;10
0;Father Mathew Statue;-8.4706278;51.89967344;13-07-2017 14:23:00;4;11
0;Cork School of Music;-8.46809252166047;51.89631707505499;13-07-2017 14:23:00;7;8
1;Brian Boru Bridge;-8.465153;51.900405;13-07-2017 14:23:00;0;0
0;Bus Station;-8.46695074;51.89951532;13-07-2017 14:23:00;7;13
0;Cork City Hall;-8.466;51.897;13-07-2017 14:23:00;10;3
0;Lower Glanmire Rd.;-8.46411816;51.90137057;13-07-2017 14:23:00;13;8
0;Clontarf Street;-8.46562933177544;51.89848186918711;13-07-2017 14:23:00;9;0
0;Kent Station;-8.45821512;51.90196195;13-07-2017 14:23:00;16;13
0;Gaol Walk;-8.494174;51.893604;13-07-2017 14:28:00;9;15
0;Fitzgerald's Park;-8.49341266;51.89555327;13-07-2017 14:28:00;10;2
0;Bandfield;-8.4891363;51.89580557;13-07-2017 14:28:00;9;23
0;Dyke Parade;-8.48458467;51.89718531;13-07-2017 14:28:00;8;2
0;Mercy Hospital;-8.48225676;51.89911495;13-07-2017 14:28:00;7;6
0;St. Fin Barre's Bridge;-8.48196155;51.89710212;13-07-2017 14:28:00;18;1
0;Pope's Quay;-8.477385;51.901632;13-07-2017 14:28:00;10;8
0;North Main St.;-8.47844005;51.89974733;13-07-2017 14:28:00;4;11
0;Grattan St.;-8.47977966;51.8984737;13-07-2017 14:28:00;9;0
0;Wandesford Quay;-8.48004;51.896492;13-07-2017 14:28:00;7;14
0;Bishop St.;-8.4790268;51.89468826;13-07-2017 14:28:00;6;8
0;Camden Quay;-8.473342;51.901054;13-07-2017 14:28:00;6;14
0;Corn Market St.;-8.477;51.9;13-07-2017 14:28:00;16;6
0;Lapp's Quay;-8.465735;51.898144;13-07-2017 14:28:00;6;22
0;St. Patricks St.;-8.47261531;51.89850471;13-07-2017 14:28:00;6;13
0;South Main St.;-8.47689553164735;51.89694605306899;13-07-2017 14:28:00;7;3
0;Grand Parade;-8.47536977381303;51.89748023175811;13-07-2017 14:28:00;11;5
0;Peace Park;-8.47347588279142;51.89619469926869;13-07-2017 14:28:00;10;8
0;South Gate Bridge;-8.47586514429047;51.89549439125871;13-07-2017 14:28:00;6;6
0;Coburg St.;-8.47056736;51.90155283;13-07-2017 14:28:00;1;27
0;Emmet Place;-8.47270466388061;51.90020812214529;13-07-2017 14:28:00;14;6
0;South Mall;-8.46989982762231;51.89683855516081;13-07-2017 14:28:00;21;7
0;College of Commerce;-8.469797;51.8953;13-07-2017 14:28:00;11;10
0;Father Mathew Statue;-8.4706278;51.89967344;13-07-2017 14:28:00;4;11
0;Cork School of Music;-8.46809252166047;51.89631707505499;13-07-2017 14:28:00;7;8
1;Brian Boru Bridge;-8.465153;51.900405;13-07-2017 14:28:00;0;0
0;Bus Station;-8.46695074;51.89951532;13-07-2017 14:28:00;7;13
0;Cork City Hall;-8.466;51.897;13-07-2017 14:28:00;12;1
0;Lower Glanmire Rd.;-8.46411816;51.90137057;13-07-2017 14:28:00;13;8
0;Clontarf Street;-8.46562933177544;51.89848186918711;13-07-2017 14:28:00;9;0
0;Kent Station;-8.45821512;51.90196195;13-07-2017 14:28:00;16;13
0;Gaol Walk;-8.494174;51.893604;13-07-2017 14:33:00;9;15
0;Fitzgerald's Park;-8.49341266;51.89555327;13-07-2017 14:33:00;11;1
0;Bandfield;-8.4891363;51.89580557;13-07-2017 14:33:00;8;24
0;Dyke Parade;-8.48458467;51.89718531;13-07-2017 14:33:00;8;2
0;Mercy Hospital;-8.48225676;51.89911495;13-07-2017 14:33:00;7;6
0;St. Fin Barre's Bridge;-8.48196155;51.89710212;13-07-2017 14:33:00;17;2
0;Pope's Quay;-8.477385;51.901632;13-07-2017 14:33:00;10;8
0;North Main St.;-8.47844005;51.89974733;13-07-2017 14:33:00;4;11
0;Grattan St.;-8.47977966;51.8984737;13-07-2017 14:33:00;4;5
0;Wandesford Quay;-8.48004;51.896492;13-07-2017 14:33:00;8;13
0;Bishop St.;-8.4790268;51.89468826;13-07-2017 14:33:00;6;8
0;Camden Quay;-8.473342;51.901054;13-07-2017 14:33:00;6;14
0;Corn Market St.;-8.477;51.9;13-07-2017 14:33:00;16;6
0;Lapp's Quay;-8.465735;51.898144;13-07-2017 14:33:00;3;25
0;St. Patricks St.;-8.47261531;51.89850471;13-07-2017 14:33:00;6;13
0;South Main St.;-8.47689553164735;51.89694605306899;13-07-2017 14:33:00;7;3
0;Grand Parade;-8.47536977381303;51.89748023175811;13-07-2017 14:33:00;11;5
0;Peace Park;-8.47347588279142;51.89619469926869;13-07-2017 14:33:00;10;8
0;South Gate Bridge;-8.47586514429047;51.89549439125871;13-07-2017 14:33:00;6;6
0;Coburg St.;-8.47056736;51.90155283;13-07-2017 14:33:00;2;27
0;Emmet Place;-8.47270466388061;51.90020812214529;13-07-2017 14:33:00;14;6
0;South Mall;-8.46989982762231;51.89683855516081;13-07-2017 14:33:00;21;7
0;College of Commerce;-8.469797;51.8953;13-07-2017 14:33:00;10;11
0;Father Mathew Statue;-8.4706278;51.89967344;13-07-2017 14:33:00;3;12
0;Cork School of Music;-8.46809252166047;51.89631707505499;13-07-2017 14:33:00;7;8
1;Brian Boru Bridge;-8.465153;51.900405;13-07-2017 14:33:00;0;0
0;Bus Station;-8.46695074;51.89951532;13-07-2017 14:33:00;7;13
0;Cork City Hall;-8.466;51.897;13-07-2017 14:33:00;11;2
0;Lower Glanmire Rd.;-8.46411816;51.90137057;13-07-2017 14:33:00;13;7
0;Clontarf Street;-8.46562933177544;51.89848186918711;13-07-2017 14:33:00;9;0
0;Kent Station;-8.45821512;51.90196195;13-07-2017 14:33:00;15;14
0;Gaol Walk;-8.494174;51.893604;13-07-2017 14:38:00;9;15
0;Fitzgerald's Park;-8.49341266;51.89555327;13-07-2017 14:38:00;12;0
0;Bandfield;-8.4891363;51.89580557;13-07-2017 14:38:00;7;25
0;Dyke Parade;-8.48458467;51.89718531;13-07-2017 14:38:00;8;2
0;Mercy Hospital;-8.48225676;51.89911495;13-07-2017 14:38:00;7;6
0;St. Fin Barre's Bridge;-8.48196155;51.89710212;13-07-2017 14:38:00;17;2
0;Pope's Quay;-8.477385;51.901632;13-07-2017 14:38:00;10;8
0;North Main St.;-8.47844005;51.89974733;13-07-2017 14:38:00;4;11
0;Grattan St.;-8.47977966;51.8984737;13-07-2017 14:38:00;4;5
0;Wandesford Quay;-8.48004;51.896492;13-07-2017 14:38:00;9;12
0;Bishop St.;-8.4790268;51.89468826;13-07-2017 14:38:00;6;8
0;Camden Quay;-8.473342;51.901054;13-07-2017 14:38:00;6;14
0;Corn Market St.;-8.477;51.9;13-07-2017 14:38:00;17;5
0;Lapp's Quay;-8.465735;51.898144;13-07-2017 14:38:00;3;25
0;St. Patricks St.;-8.47261531;51.89850471;13-07-2017 14:38:00;6;13
0;South Main St.;-8.47689553164735;51.89694605306899;13-07-2017 14:38:00;7;3
0;Grand Parade;-8.47536977381303;51.89748023175811;13-07-2017 14:38:00;12;4
0;Peace Park;-8.47347588279142;51.89619469926869;13-07-2017 14:38:00;10;8
0;South Gate Bridge;-8.47586514429047;51.89549439125871;13-07-2017 14:38:00;6;6
0;Coburg St.;-8.47056736;51.90155283;13-07-2017 14:38:00;2;27
0;Emmet Place;-8.47270466388061;51.90020812214529;13-07-2017 14:38:00;15;5
0;South Mall;-8.46989982762231;51.89683855516081;13-07-2017 14:38:00;21;7
0;College of Commerce;-8.469797;51.8953;13-07-2017 14:38:00;10;12
0;Father Mathew Statue;-8.4706278;51.89967344;13-07-2017 14:38:00;3;12
0;Cork School of Music;-8.46809252166047;51.89631707505499;13-07-2017 14:38:00;7;8
1;Brian Boru Bridge;-8.465153;51.900405;13-07-2017 14:38:00;0;0
0;Bus Station;-8.46695074;51.89951532;13-07-2017 14:38:00;7;13
0;Cork City Hall;-8.466;51.897;13-07-2017 14:38:00;13;0
0;Lower Glanmire Rd.;-8.46411816;51.90137057;13-07-2017 14:38:00;13;7
0;Clontarf Street;-8.46562933177544;51.89848186918711;13-07-2017 14:38:00;9;0
0;Kent Station;-8.45821512;51.90196195;13-07-2017 14:38:00;15;14
0;Gaol Walk;-8.494174;51.893604;13-07-2017 14:43:00;11;13
0;Fitzgerald's Park;-8.49341266;51.89555327;13-07-2017 14:43:00;10;2
0;Bandfield;-8.4891363;51.89580557;13-07-2017 14:43:00;6;26
0;Dyke Parade;-8.48458467;51.89718531;13-07-2017 14:43:00;8;2
0;Mercy Hospital;-8.48225676;51.89911495;13-07-2017 14:43:00;7;6
0;St. Fin Barre's Bridge;-8.48196155;51.89710212;13-07-2017 14:43:00;17;2
0;Pope's Quay;-8.477385;51.901632;13-07-2017 14:43:00;10;8
0;North Main St.;-8.47844005;51.89974733;13-07-2017 14:43:00;4;11
0;Grattan St.;-8.47977966;51.8984737;13-07-2017 14:43:00;4;5
0;Wandesford Quay;-8.48004;51.896492;13-07-2017 14:43:00;10;11
0;Bishop St.;-8.4790268;51.89468826;13-07-2017 14:43:00;6;8
0;Camden Quay;-8.473342;51.901054;13-07-2017 14:43:00;4;16
0;Corn Market St.;-8.477;51.9;13-07-2017 14:43:00;17;5
0;Lapp's Quay;-8.465735;51.898144;13-07-2017 14:43:00;3;25
0;St. Patricks St.;-8.47261531;51.89850471;13-07-2017 14:43:00;6;13
0;South Main St.;-8.47689553164735;51.89694605306899;13-07-2017 14:43:00;7;3
0;Grand Parade;-8.47536977381303;51.89748023175811;13-07-2017 14:43:00;12;4
0;Peace Park;-8.47347588279142;51.89619469926869;13-07-2017 14:43:00;10;8
0;South Gate Bridge;-8.47586514429047;51.89549439125871;13-07-2017 14:43:00;6;6
0;Coburg St.;-8.47056736;51.90155283;13-07-2017 14:43:00;2;27
0;Emmet Place;-8.47270466388061;51.90020812214529;13-07-2017 14:43:00;15;5
0;South Mall;-8.46989982762231;51.89683855516081;13-07-2017 14:43:00;21;7
0;College of Commerce;-8.469797;51.8953;13-07-2017 14:43:00;10;12
0;Father Mathew Statue;-8.4706278;51.89967344;13-07-2017 14:43:00;3;12
0;Cork School of Music;-8.46809252166047;51.89631707505499;13-07-2017 14:43:00;7;8
1;Brian Boru Bridge;-8.465153;51.900405;13-07-2017 14:43:00;0;0
0;Bus Station;-8.46695074;51.89951532;13-07-2017 14:43:00;7;13
0;Cork City Hall;-8.466;51.897;13-07-2017 14:43:00;13;0
0;Lower Glanmire Rd.;-8.46411816;51.90137057;13-07-2017 14:43:00;13;8
0;Clontarf Street;-8.46562933177544;51.89848186918711;13-07-2017 14:43:00;9;0
0;Kent Station;-8.45821512;51.90196195;13-07-2017 14:43:00;16;13
0;Gaol Walk;-8.494174;51.893604;13-07-2017 14:48:00;11;13
0;Fitzgerald's Park;-8.49341266;51.89555327;13-07-2017 14:48:00;10;2
0;Bandfield;-8.4891363;51.89580557;13-07-2017 14:48:00;6;26
0;Dyke Parade;-8.48458467;51.89718531;13-07-2017 14:48:00;8;2
0;Mercy Hospital;-8.48225676;51.89911495;13-07-2017 14:48:00;7;6
0;St. Fin Barre's Bridge;-8.48196155;51.89710212;13-07-2017 14:48:00;17;2
0;Pope's Quay;-8.477385;51.901632;13-07-2017 14:48:00;10;8
0;North Main St.;-8.47844005;51.89974733;13-07-2017 14:48:00;4;11
0;Grattan St.;-8.47977966;51.8984737;13-07-2017 14:48:00;4;5
0;Wandesford Quay;-8.48004;51.896492;13-07-2017 14:48:00;10;11
0;Bishop St.;-8.4790268;51.89468826;13-07-2017 14:48:00;6;8
0;Camden Quay;-8.473342;51.901054;13-07-2017 14:48:00;4;16
0;Corn Market St.;-8.477;51.9;13-07-2017 14:48:00;17;5
0;Lapp's Quay;-8.465735;51.898144;13-07-2017 14:48:00;3;25
0;St. Patricks St.;-8.47261531;51.89850471;13-07-2017 14:48:00;5;14
0;South Main St.;-8.47689553164735;51.89694605306899;13-07-2017 14:48:00;7;3
0;Grand Parade;-8.47536977381303;51.89748023175811;13-07-2017 14:48:00;12;4
0;Peace Park;-8.47347588279142;51.89619469926869;13-07-2017 14:48:00;10;8
0;South Gate Bridge;-8.47586514429047;51.89549439125871;13-07-2017 14:48:00;6;6
0;Coburg St.;-8.47056736;51.90155283;13-07-2017 14:48:00;9;20
0;Emmet Place;-8.47270466388061;51.90020812214529;13-07-2017 14:48:00;15;5
0;South Mall;-8.46989982762231;51.89683855516081;13-07-2017 14:48:00;21;7
0;College of Commerce;-8.469797;51.8953;13-07-2017 14:48:00;10;12
0;Father Mathew Statue;-8.4706278;51.89967344;13-07-2017 14:48:00;3;12
0;Cork School of Music;-8.46809252166047;51.89631707505499;13-07-2017 14:48:00;7;8
1;Brian Boru Bridge;-8.465153;51.900405;13-07-2017 14:48:00;0;0
0;Bus Station;-8.46695074;51.89951532;13-07-2017 14:48:00;7;13
0;Cork City Hall;-8.466;51.897;13-07-2017 14:48:00;13;0
0;Lower Glanmire Rd.;-8.46411816;51.90137057;13-07-2017 14:48:00;13;7
0;Clontarf Street;-8.46562933177544;51.89848186918711;13-07-2017 14:48:00;9;0
0;Kent Station;-8.45821512;51.90196195;13-07-2017 14:48:00;16;13
0;Gaol Walk;-8.494174;51.893604;13-07-2017 14:53:00;11;13
0;Fitzgerald's Park;-8.49341266;51.89555327;13-07-2017 14:53:00;9;3
0;Bandfield;-8.4891363;51.89580557;13-07-2017 14:53:00;6;26
0;Dyke Parade;-8.48458467;51.89718531;13-07-2017 14:53:00;8;2
0;Mercy Hospital;-8.48225676;51.89911495;13-07-2017 14:53:00;8;5
0;St. Fin Barre's Bridge;-8.48196155;51.89710212;13-07-2017 14:53:00;17;2
0;Pope's Quay;-8.477385;51.901632;13-07-2017 14:53:00;10;8
0;North Main St.;-8.47844005;51.89974733;13-07-2017 14:53:00;3;12
0;Grattan St.;-8.47977966;51.8984737;13-07-2017 14:53:00;4;5
0;Wandesford Quay;-8.48004;51.896492;13-07-2017 14:53:00;10;11
0;Bishop St.;-8.4790268;51.89468826;13-07-2017 14:53:00;6;8
0;Camden Quay;-8.473342;51.901054;13-07-2017 14:53:00;5;15
0;Corn Market St.;-8.477;51.9;13-07-2017 14:53:00;17;5
0;Lapp's Quay;-8.465735;51.898144;13-07-2017 14:53:00;3;25
0;St. Patricks St.;-8.47261531;51.89850471;13-07-2017 14:53:00;6;13
0;South Main St.;-8.47689553164735;51.89694605306899;13-07-2017 14:53:00;7;3
0;Grand Parade;-8.47536977381303;51.89748023175811;13-07-2017 14:53:00;12;4
0;Peace Park;-8.47347588279142;51.89619469926869;13-07-2017 14:53:00;11;7
0;South Gate Bridge;-8.47586514429047;51.89549439125871;13-07-2017 14:53:00;6;6
0;Coburg St.;-8.47056736;51.90155283;13-07-2017 14:53:00;10;19
0;Emmet Place;-8.47270466388061;51.90020812214529;13-07-2017 14:53:00;15;5
0;South Mall;-8.46989982762231;51.89683855516081;13-07-2017 14:53:00;22;6
0;College of Commerce;-8.469797;51.8953;13-07-2017 14:53:00;10;12
0;Father Mathew Statue;-8.4706278;51.89967344;13-07-2017 14:53:00;3;12
0;Cork School of Music;-8.46809252166047;51.89631707505499;13-07-2017 14:53:00;7;8
1;Brian Boru Bridge;-8.465153;51.900405;13-07-2017 14:53:00;0;0
0;Bus Station;-8.46695074;51.89951532;13-07-2017 14:53:00;7;13
0;Cork City Hall;-8.466;51.897;13-07-2017 14:53:00;13;0
0;Lower Glanmire Rd.;-8.46411816;51.90137057;13-07-2017 14:53:00;13;8
0;Clontarf Street;-8.46562933177544;51.89848186918711;13-07-2017 14:53:00;9;0
0;Kent Station;-8.45821512;51.90196195;13-07-2017 14:53:00;16;13
0;Gaol Walk;-8.494174;51.893604;13-07-2017 14:58:00;12;12
0;Fitzgerald's Park;-8.49341266;51.89555327;13-07-2017 14:58:00;9;3
0;Bandfield;-8.4891363;51.89580557;13-07-2017 14:58:00;5;27
0;Dyke Parade;-8.48458467;51.89718531;13-07-2017 14:58:00;8;2
0;Mercy Hospital;-8.48225676;51.89911495;13-07-2017 14:58:00;8;5
0;St. Fin Barre's Bridge;-8.48196155;51.89710212;13-07-2017 14:58:00;17;2
0;Pope's Quay;-8.477385;51.901632;13-07-2017 14:58:00;10;8
0;North Main St.;-8.47844005;51.89974733;13-07-2017 14:58:00;3;12
0;Grattan St.;-8.47977966;51.8984737;13-07-2017 14:58:00;4;5
0;Wandesford Quay;-8.48004;51.896492;13-07-2017 14:58:00;10;11
0;Bishop St.;-8.4790268;51.89468826;13-07-2017 14:58:00;6;8
0;Camden Quay;-8.473342;51.901054;13-07-2017 14:58:00;5;15
0;Corn Market St.;-8.477;51.9;13-07-2017 14:58:00;17;5
0;Lapp's Quay;-8.465735;51.898144;13-07-2017 14:58:00;3;25
0;St. Patricks St.;-8.47261531;51.89850471;13-07-2017 14:58:00;6;13
0;South Main St.;-8.47689553164735;51.89694605306899;13-07-2017 14:58:00;7;3
0;Grand Parade;-8.47536977381303;51.89748023175811;13-07-2017 14:58:00;12;4
0;Peace Park;-8.47347588279142;51.89619469926869;13-07-2017 14:58:00;10;8
0;South Gate Bridge;-8.47586514429047;51.89549439125871;13-07-2017 14:58:00;6;6
0;Coburg St.;-8.47056736;51.90155283;13-07-2017 14:58:00;10;19
0;Emmet Place;-8.47270466388061;51.90020812214529;13-07-2017 14:58:00;15;5
0;South Mall;-8.46989982762231;51.89683855516081;13-07-2017 14:58:00;23;5
0;College of Commerce;-8.469797;51.8953;13-07-2017 14:58:00;11;10
0;Father Mathew Statue;-8.4706278;51.89967344;13-07-2017 14:58:00;3;12
0;Cork School of Music;-8.46809252166047;51.89631707505499;13-07-2017 14:58:00;7;8
1;Brian Boru Bridge;-8.465153;51.900405;13-07-2017 14:58:00;0;0
0;Bus Station;-8.46695074;51.89951532;13-07-2017 14:58:00;7;13
0;Cork City Hall;-8.466;51.897;13-07-2017 14:58:00;13;0
0;Lower Glanmire Rd.;-8.46411816;51.90137057;13-07-2017 14:58:00;13;8
0;Clontarf Street;-8.46562933177544;51.89848186918711;13-07-2017 14:58:00;9;0
0;Kent Station;-8.45821512;51.90196195;13-07-2017 14:58:00;15;14
0;Gaol Walk;-8.494174;51.893604;13-07-2017 15:03:00;12;12
0;Fitzgerald's Park;-8.49341266;51.89555327;13-07-2017 15:03:00;10;2
0;Bandfield;-8.4891363;51.89580557;13-07-2017 15:03:00;5;27
0;Dyke Parade;-8.48458467;51.89718531;13-07-2017 15:03:00;8;2
0;Mercy Hospital;-8.48225676;51.89911495;13-07-2017 15:03:00;8;5
0;St. Fin Barre's Bridge;-8.48196155;51.89710212;13-07-2017 15:03:00;16;3
0;Pope's Quay;-8.477385;51.901632;13-07-2017 15:03:00;10;8
0;North Main St.;-8.47844005;51.89974733;13-07-2017 15:03:00;3;12
0;Grattan St.;-8.47977966;51.8984737;13-07-2017 15:03:00;4;5
0;Wandesford Quay;-8.48004;51.896492;13-07-2017 15:03:00;10;11
0;Bishop St.;-8.4790268;51.89468826;13-07-2017 15:03:00;6;8
0;Camden Quay;-8.473342;51.901054;13-07-2017 15:03:00;5;15
0;Corn Market St.;-8.477;51.9;13-07-2017 15:03:00;17;5
0;Lapp's Quay;-8.465735;51.898144;13-07-2017 15:03:00;3;25
0;St. Patricks St.;-8.47261531;51.89850471;13-07-2017 15:03:00;6;13
0;South Main St.;-8.47689553164735;51.89694605306899;13-07-2017 15:03:00;7;3
0;Grand Parade;-8.47536977381303;51.89748023175811;13-07-2017 15:03:00;12;4
0;Peace Park;-8.47347588279142;51.89619469926869;13-07-2017 15:03:00;10;8
0;South Gate Bridge;-8.47586514429047;51.89549439125871;13-07-2017 15:03:00;6;6
0;Coburg St.;-8.47056736;51.90155283;13-07-2017 15:03:00;9;19
0;Emmet Place;-8.47270466388061;51.90020812214529;13-07-2017 15:03:00;15;5
0;South Mall;-8.46989982762231;51.89683855516081;13-07-2017 15:03:00;23;5
0;College of Commerce;-8.469797;51.8953;13-07-2017 15:03:00;11;10
0;Father Mathew Statue;-8.4706278;51.89967344;13-07-2017 15:03:00;5;10
0;Cork School of Music;-8.46809252166047;51.89631707505499;13-07-2017 15:03:00;7;8
1;Brian Boru Bridge;-8.465153;51.900405;13-07-2017 15:03:00;0;0
0;Bus Station;-8.46695074;51.89951532;13-07-2017 15:03:00;7;13
0;Cork City Hall;-8.466;51.897;13-07-2017 15:03:00;13;0
0;Lower Glanmire Rd.;-8.46411816;51.90137057;13-07-2017 15:03:00;13;8
0;Clontarf Street;-8.46562933177544;51.89848186918711;13-07-2017 15:03:00;9;0
0;Kent Station;-8.45821512;51.90196195;13-07-2017 15:03:00;15;14
0;Gaol Walk;-8.494174;51.893604;13-07-2017 15:08:00;12;12
0;Fitzgerald's Park;-8.49341266;51.89555327;13-07-2017 15:08:00;10;2
0;Bandfield;-8.4891363;51.89580557;13-07-2017 15:08:00;5;27
0;Dyke Parade;-8.48458467;51.89718531;13-07-2017 15:08:00;8;2
0;Mercy Hospital;-8.48225676;51.89911495;13-07-2017 15:08:00;8;5
0;St. Fin Barre's Bridge;-8.48196155;51.89710212;13-07-2017 15:08:00;16;3
0;Pope's Quay;-8.477385;51.901632;13-07-2017 15:08:00;10;8
0;North Main St.;-8.47844005;51.89974733;13-07-2017 15:08:00;3;12
0;Grattan St.;-8.47977966;51.8984737;13-07-2017 15:08:00;4;5
0;Wandesford Quay;-8.48004;51.896492;13-07-2017 15:08:00;10;11
0;Bishop St.;-8.4790268;51.89468826;13-07-2017 15:08:00;6;8
0;Camden Quay;-8.473342;51.901054;13-07-2017 15:08:00;5;15
0;Corn Market St.;-8.477;51.9;13-07-2017 15:08:00;17;5
0;Lapp's Quay;-8.465735;51.898144;13-07-2017 15:08:00;2;26
0;St. Patricks St.;-8.47261531;51.89850471;13-07-2017 15:08:00;7;12
0;South Main St.;-8.47689553164735;51.89694605306899;13-07-2017 15:08:00;7;3
0;Grand Parade;-8.47536977381303;51.89748023175811;13-07-2017 15:08:00;12;4
0;Peace Park;-8.47347588279142;51.89619469926869;13-07-2017 15:08:00;10;8
0;South Gate Bridge;-8.47586514429047;51.89549439125871;13-07-2017 15:08:00;6;6
0;Coburg St.;-8.47056736;51.90155283;13-07-2017 15:08:00;9;19
0;Emmet Place;-8.47270466388061;51.90020812214529;13-07-2017 15:08:00;15;5
0;South Mall;-8.46989982762231;51.89683855516081;13-07-2017 15:08:00;23;5
0;College of Commerce;-8.469797;51.8953;13-07-2017 15:08:00;11;10
0;Father Mathew Statue;-8.4706278;51.89967344;13-07-2017 15:08:00;5;10
0;Cork School of Music;-8.46809252166047;51.89631707505499;13-07-2017 15:08:00;7;8
1;Brian Boru Bridge;-8.465153;51.900405;13-07-2017 15:08:00;0;0
0;Bus Station;-8.46695074;51.89951532;13-07-2017 15:08:00;7;13
0;Cork City Hall;-8.466;51.897;13-07-2017 15:08:00;13;0
0;Lower Glanmire Rd.;-8.46411816;51.90137057;13-07-2017 15:08:00;13;8
0;Clontarf Street;-8.46562933177544;51.89848186918711;13-07-2017 15:08:00;9;0
0;Kent Station;-8.45821512;51.90196195;13-07-2017 15:08:00;14;15
0;Gaol Walk;-8.494174;51.893604;13-07-2017 15:13:00;12;12
0;Fitzgerald's Park;-8.49341266;51.89555327;13-07-2017 15:13:00;10;2
0;Bandfield;-8.4891363;51.89580557;13-07-2017 15:13:00;5;27
0;Dyke Parade;-8.48458467;51.89718531;13-07-2017 15:13:00;8;2
0;Mercy Hospital;-8.48225676;51.89911495;13-07-2017 15:13:00;8;5
0;St. Fin Barre's Bridge;-8.48196155;51.89710212;13-07-2017 15:13:00;15;4
0;Pope's Quay;-8.477385;51.901632;13-07-2017 15:13:00;10;8
0;North Main St.;-8.47844005;51.89974733;13-07-2017 15:13:00;3;12
0;Grattan St.;-8.47977966;51.8984737;13-07-2017 15:13:00;4;5
0;Wandesford Quay;-8.48004;51.896492;13-07-2017 15:13:00;10;11
0;Bishop St.;-8.4790268;51.89468826;13-07-2017 15:13:00;6;8
0;Camden Quay;-8.473342;51.901054;13-07-2017 15:13:00;5;15
0;Corn Market St.;-8.477;51.9;13-07-2017 15:13:00;16;6
0;Lapp's Quay;-8.465735;51.898144;13-07-2017 15:13:00;2;26
0;St. Patricks St.;-8.47261531;51.89850471;13-07-2017 15:13:00;7;12
0;South Main St.;-8.47689553164735;51.89694605306899;13-07-2017 15:13:00;6;4
0;Grand Parade;-8.47536977381303;51.89748023175811;13-07-2017 15:13:00;13;3
0;Peace Park;-8.47347588279142;51.89619469926869;13-07-2017 15:13:00;11;7
0;South Gate Bridge;-8.47586514429047;51.89549439125871;13-07-2017 15:13:00;6;6
0;Coburg St.;-8.47056736;51.90155283;13-07-2017 15:13:00;9;19
0;Emmet Place;-8.47270466388061;51.90020812214529;13-07-2017 15:13:00;15;5
0;South Mall;-8.46989982762231;51.89683855516081;13-07-2017 15:13:00;23;5
0;College of Commerce;-8.469797;51.8953;13-07-2017 15:13:00;11;10
0;Father Mathew Statue;-8.4706278;51.89967344;13-07-2017 15:13:00;5;10
0;Cork School of Music;-8.46809252166047;51.89631707505499;13-07-2017 15:13:00;7;8
1;Brian Boru Bridge;-8.465153;51.900405;13-07-2017 15:13:00;0;0
0;Bus Station;-8.46695074;51.89951532;13-07-2017 15:13:00;7;13
0;Cork City Hall;-8.466;51.897;13-07-2017 15:13:00;13;0
0;Lower Glanmire Rd.;-8.46411816;51.90137057;13-07-2017 15:13:00;12;9
0;Clontarf Street;-8.46562933177544;51.89848186918711;13-07-2017 15:13:00;5;4
0;Kent Station;-8.45821512;51.90196195;13-07-2017 15:13:00;15;14
0;Gaol Walk;-8.494174;51.893604;13-07-2017 15:18:00;12;12
0;Fitzgerald's Park;-8.49341266;51.89555327;13-07-2017 15:18:00;11;1
0;Bandfield;-8.4891363;51.89580557;13-07-2017 15:18:00;5;27
0;Dyke Parade;-8.48458467;51.89718531;13-07-2017 15:18:00;8;2
0;Mercy Hospital;-8.48225676;51.89911495;13-07-2017 15:18:00;8;5
0;St. Fin Barre's Bridge;-8.48196155;51.89710212;13-07-2017 15:18:00;15;4
0;Pope's Quay;-8.477385;51.901632;13-07-2017 15:18:00;10;8
0;North Main St.;-8.47844005;51.89974733;13-07-2017 15:18:00;3;12
0;Grattan St.;-8.47977966;51.8984737;13-07-2017 15:18:00;4;5
0;Wandesford Quay;-8.48004;51.896492;13-07-2017 15:18:00;10;11
0;Bishop St.;-8.4790268;51.89468826;13-07-2017 15:18:00;6;8
0;Camden Quay;-8.473342;51.901054;13-07-2017 15:18:00;5;15
0;Corn Market St.;-8.477;51.9;13-07-2017 15:18:00;15;7
0;Lapp's Quay;-8.465735;51.898144;13-07-2017 15:18:00;2;26
0;St. Patricks St.;-8.47261531;51.89850471;13-07-2017 15:18:00;6;13
0;South Main St.;-8.47689553164735;51.89694605306899;13-07-2017 15:18:00;6;4
0;Grand Parade;-8.47536977381303;51.89748023175811;13-07-2017 15:18:00;13;3
0;Peace Park;-8.47347588279142;51.89619469926869;13-07-2017 15:18:00;11;7
0;South Gate Bridge;-8.47586514429047;51.89549439125871;13-07-2017 15:18:00;6;6
0;Coburg St.;-8.47056736;51.90155283;13-07-2017 15:18:00;9;19
0;Emmet Place;-8.47270466388061;51.90020812214529;13-07-2017 15:18:00;15;5
0;South Mall;-8.46989982762231;51.89683855516081;13-07-2017 15:18:00;23;5
0;College of Commerce;-8.469797;51.8953;13-07-2017 15:18:00;12;9
0;Father Mathew Statue;-8.4706278;51.89967344;13-07-2017 15:18:00;6;9
0;Cork School of Music;-8.46809252166047;51.89631707505499;13-07-2017 15:18:00;7;8
1;Brian Boru Bridge;-8.465153;51.900405;13-07-2017 15:18:00;0;0
0;Bus Station;-8.46695074;51.89951532;13-07-2017 15:18:00;7;13
0;Cork City Hall;-8.466;51.897;13-07-2017 15:18:00;12;1
0;Lower Glanmire Rd.;-8.46411816;51.90137057;13-07-2017 15:18:00;12;9
0;Clontarf Street;-8.46562933177544;51.89848186918711;13-07-2017 15:18:00;5;4
0;Kent Station;-8.45821512;51.90196195;13-07-2017 15:18:00;15;14
0;Gaol Walk;-8.494174;51.893604;13-07-2017 15:23:00;13;11
0;Fitzgerald's Park;-8.49341266;51.89555327;13-07-2017 15:23:00;10;2
0;Bandfield;-8.4891363;51.89580557;13-07-2017 15:23:00;5;27
0;Dyke Parade;-8.48458467;51.89718531;13-07-2017 15:23:00;8;2
0;Mercy Hospital;-8.48225676;51.89911495;13-07-2017 15:23:00;8;5
0;St. Fin Barre's Bridge;-8.48196155;51.89710212;13-07-2017 15:23:00;15;4
0;Pope's Quay;-8.477385;51.901632;13-07-2017 15:23:00;10;8
0;North Main St.;-8.47844005;51.89974733;13-07-2017 15:23:00;3;12
0;Grattan St.;-8.47977966;51.8984737;13-07-2017 15:23:00;4;5
0;Wandesford Quay;-8.48004;51.896492;13-07-2017 15:23:00;10;11
0;Bishop St.;-8.4790268;51.89468826;13-07-2017 15:23:00;6;8
0;Camden Quay;-8.473342;51.901054;13-07-2017 15:23:00;5;15
0;Corn Market St.;-8.477;51.9;13-07-2017 15:23:00;15;7
0;Lapp's Quay;-8.465735;51.898144;13-07-2017 15:23:00;2;26
0;St. Patricks St.;-8.47261531;51.89850471;13-07-2017 15:23:00;6;13
0;South Main St.;-8.47689553164735;51.89694605306899;13-07-2017 15:23:00;6;4
0;Grand Parade;-8.47536977381303;51.89748023175811;13-07-2017 15:23:00;13;3
0;Peace Park;-8.47347588279142;51.89619469926869;13-07-2017 15:23:00;11;7
0;South Gate Bridge;-8.47586514429047;51.89549439125871;13-07-2017 15:23:00;6;6
0;Coburg St.;-8.47056736;51.90155283;13-07-2017 15:23:00;9;19
0;Emmet Place;-8.47270466388061;51.90020812214529;13-07-2017 15:23:00;15;5
0;South Mall;-8.46989982762231;51.89683855516081;13-07-2017 15:23:00;23;5
0;College of Commerce;-8.469797;51.8953;13-07-2017 15:23:00;12;9
0;Father Mathew Statue;-8.4706278;51.89967344;13-07-2017 15:23:00;5;10
0;Cork School of Music;-8.46809252166047;51.89631707505499;13-07-2017 15:23:00;7;8
1;Brian Boru Bridge;-8.465153;51.900405;13-07-2017 15:23:00;0;0
0;Bus Station;-8.46695074;51.89951532;13-07-2017 15:23:00;7;13
0;Cork City Hall;-8.466;51.897;13-07-2017 15:23:00;6;7
0;Lower Glanmire Rd.;-8.46411816;51.90137057;13-07-2017 15:23:00;12;9
0;Clontarf Street;-8.46562933177544;51.89848186918711;13-07-2017 15:23:00;5;4
0;Kent Station;-8.45821512;51.90196195;13-07-2017 15:23:00;15;14
0;Gaol Walk;-8.494174;51.893604;13-07-2017 15:28:00;13;11
0;Fitzgerald's Park;-8.49341266;51.89555327;13-07-2017 15:28:00;10;2
0;Bandfield;-8.4891363;51.89580557;13-07-2017 15:28:00;8;24
0;Dyke Parade;-8.48458467;51.89718531;13-07-2017 15:28:00;8;2
0;Mercy Hospital;-8.48225676;51.89911495;13-07-2017 15:28:00;8;5
0;St. Fin Barre's Bridge;-8.48196155;51.89710212;13-07-2017 15:28:00;17;2
0;Pope's Quay;-8.477385;51.901632;13-07-2017 15:28:00;10;8
0;North Main St.;-8.47844005;51.89974733;13-07-2017 15:28:00;3;12
0;Grattan St.;-8.47977966;51.8984737;13-07-2017 15:28:00;4;5
0;Wandesford Quay;-8.48004;51.896492;13-07-2017 15:28:00;10;11
0;Bishop St.;-8.4790268;51.89468826;13-07-2017 15:28:00;6;8
0;Camden Quay;-8.473342;51.901054;13-07-2017 15:28:00;5;15
0;Corn Market St.;-8.477;51.9;13-07-2017 15:28:00;15;7
0;Lapp's Quay;-8.465735;51.898144;13-07-2017 15:28:00;2;26
0;St. Patricks St.;-8.47261531;51.89850471;13-07-2017 15:28:00;6;13
0;South Main St.;-8.47689553164735;51.89694605306899;13-07-2017 15:28:00;6;4
0;Grand Parade;-8.47536977381303;51.89748023175811;13-07-2017 15:28:00;13;3
0;Peace Park;-8.47347588279142;51.89619469926869;13-07-2017 15:28:00;11;7
0;South Gate Bridge;-8.47586514429047;51.89549439125871;13-07-2017 15:28:00;6;6
0;Coburg St.;-8.47056736;51.90155283;13-07-2017 15:28:00;9;19
0;Emmet Place;-8.47270466388061;51.90020812214529;13-07-2017 15:28:00;15;5
0;South Mall;-8.46989982762231;51.89683855516081;13-07-2017 15:28:00;23;5
0;College of Commerce;-8.469797;51.8953;13-07-2017 15:28:00;11;10
0;Father Mathew Statue;-8.4706278;51.89967344;13-07-2017 15:28:00;5;10
0;Cork School of Music;-8.46809252166047;51.89631707505499;13-07-2017 15:28:00;7;8
1;Brian Boru Bridge;-8.465153;51.900405;13-07-2017 15:28:00;0;0
0;Bus Station;-8.46695074;51.89951532;13-07-2017 15:28:00;6;14
0;Cork City Hall;-8.466;51.897;13-07-2017 15:28:00;6;7
0;Lower Glanmire Rd.;-8.46411816;51.90137057;13-07-2017 15:28:00;12;9
0;Clontarf Street;-8.46562933177544;51.89848186918711;13-07-2017 15:28:00;5;4
0;Kent Station;-8.45821512;51.90196195;13-07-2017 15:28:00;15;14
0;Gaol Walk;-8.494174;51.893604;13-07-2017 15:33:00;12;12
0;Fitzgerald's Park;-8.49341266;51.89555327;13-07-2017 15:33:00;10;2
0;Bandfield;-8.4891363;51.89580557;13-07-2017 15:33:00;8;24
0;Dyke Parade;-8.48458467;51.89718531;13-07-2017 15:33:00;8;2
0;Mercy Hospital;-8.48225676;51.89911495;13-07-2017 15:33:00;8;5
0;St. Fin Barre's Bridge;-8.48196155;51.89710212;13-07-2017 15:33:00;17;2
0;Pope's Quay;-8.477385;51.901632;13-07-2017 15:33:00;10;8
0;North Main St.;-8.47844005;51.89974733;13-07-2017 15:33:00;3;12
0;Grattan St.;-8.47977966;51.8984737;13-07-2017 15:33:00;4;5
0;Wandesford Quay;-8.48004;51.896492;13-07-2017 15:33:00;10;11
0;Bishop St.;-8.4790268;51.89468826;13-07-2017 15:33:00;6;8
0;Camden Quay;-8.473342;51.901054;13-07-2017 15:33:00;4;16
0;Corn Market St.;-8.477;51.9;13-07-2017 15:33:00;15;7
0;Lapp's Quay;-8.465735;51.898144;13-07-2017 15:33:00;2;26
0;St. Patricks St.;-8.47261531;51.89850471;13-07-2017 15:33:00;6;13
0;South Main St.;-8.47689553164735;51.89694605306899;13-07-2017 15:33:00;6;4
0;Grand Parade;-8.47536977381303;51.89748023175811;13-07-2017 15:33:00;12;4
0;Peace Park;-8.47347588279142;51.89619469926869;13-07-2017 15:33:00;11;7
0;South Gate Bridge;-8.47586514429047;51.89549439125871;13-07-2017 15:33:00;8;4
0;Coburg St.;-8.47056736;51.90155283;13-07-2017 15:33:00;9;19
0;Emmet Place;-8.47270466388061;51.90020812214529;13-07-2017 15:33:00;16;4
0;South Mall;-8.46989982762231;51.89683855516081;13-07-2017 15:33:00;23;5
0;College of Commerce;-8.469797;51.8953;13-07-2017 15:33:00;11;10
0;Father Mathew Statue;-8.4706278;51.89967344;13-07-2017 15:33:00;5;10
0;Cork School of Music;-8.46809252166047;51.89631707505499;13-07-2017 15:33:00;7;8
1;Brian Boru Bridge;-8.465153;51.900405;13-07-2017 15:33:00;0;0
0;Bus Station;-8.46695074;51.89951532;13-07-2017 15:33:00;5;15
0;Cork City Hall;-8.466;51.897;13-07-2017 15:33:00;6;7
0;Lower Glanmire Rd.;-8.46411816;51.90137057;13-07-2017 15:33:00;12;9
0;Clontarf Street;-8.46562933177544;51.89848186918711;13-07-2017 15:33:00;5;4
0;Kent Station;-8.45821512;51.90196195;13-07-2017 15:33:00;15;14
0;Gaol Walk;-8.494174;51.893604;13-07-2017 15:38:00;11;13
0;Fitzgerald's Park;-8.49341266;51.89555327;13-07-2017 15:38:00;9;3
0;Bandfield;-8.4891363;51.89580557;13-07-2017 15:38:00;9;23
0;Dyke Parade;-8.48458467;51.89718531;13-07-2017 15:38:00;8;2
0;Mercy Hospital;-8.48225676;51.89911495;13-07-2017 15:38:00;8;5
0;St. Fin Barre's Bridge;-8.48196155;51.89710212;13-07-2017 15:38:00;17;2
0;Pope's Quay;-8.477385;51.901632;13-07-2017 15:38:00;10;8
0;North Main St.;-8.47844005;51.89974733;13-07-2017 15:38:00;4;11
0;Grattan St.;-8.47977966;51.8984737;13-07-2017 15:38:00;4;5
0;Wandesford Quay;-8.48004;51.896492;13-07-2017 15:38:00;10;11
0;Bishop St.;-8.4790268;51.89468826;13-07-2017 15:38:00;6;8
0;Camden Quay;-8.473342;51.901054;13-07-2017 15:38:00;4;16
0;Corn Market St.;-8.477;51.9;13-07-2017 15:38:00;16;6
0;Lapp's Quay;-8.465735;51.898144;13-07-2017 15:38:00;2;26
0;St. Patricks St.;-8.47261531;51.89850471;13-07-2017 15:38:00;6;13
0;South Main St.;-8.47689553164735;51.89694605306899;13-07-2017 15:38:00;6;4
0;Grand Parade;-8.47536977381303;51.89748023175811;13-07-2017 15:38:00;12;4
0;Peace Park;-8.47347588279142;51.89619469926869;13-07-2017 15:38:00;11;7
0;South Gate Bridge;-8.47586514429047;51.89549439125871;13-07-2017 15:38:00;8;4
0;Coburg St.;-8.47056736;51.90155283;13-07-2017 15:38:00;9;19
0;Emmet Place;-8.47270466388061;51.90020812214529;13-07-2017 15:38:00;16;4
0;South Mall;-8.46989982762231;51.89683855516081;13-07-2017 15:38:00;24;4
0;College of Commerce;-8.469797;51.8953;13-07-2017 15:38:00;11;10
0;Father Mathew Statue;-8.4706278;51.89967344;13-07-2017 15:38:00;5;10
0;Cork School of Music;-8.46809252166047;51.89631707505499;13-07-2017 15:38:00;7;8
1;Brian Boru Bridge;-8.465153;51.900405;13-07-2017 15:38:00;0;0
0;Bus Station;-8.46695074;51.89951532;13-07-2017 15:38:00;5;15
0;Cork City Hall;-8.466;51.897;13-07-2017 15:38:00;6;7
0;Lower Glanmire Rd.;-8.46411816;51.90137057;13-07-2017 15:38:00;12;9
0;Clontarf Street;-8.46562933177544;51.89848186918711;13-07-2017 15:38:00;5;4
0;Kent Station;-8.45821512;51.90196195;13-07-2017 15:38:00;15;14
0;Gaol Walk;-8.494174;51.893604;13-07-2017 15:43:00;10;14
0;Fitzgerald's Park;-8.49341266;51.89555327;13-07-2017 15:43:00;9;3
0;Bandfield;-8.4891363;51.89580557;13-07-2017 15:43:00;9;23
0;Dyke Parade;-8.48458467;51.89718531;13-07-2017 15:43:00;8;2
0;Mercy Hospital;-8.48225676;51.89911495;13-07-2017 15:43:00;8;5
0;St. Fin Barre's Bridge;-8.48196155;51.89710212;13-07-2017 15:43:00;17;2
0;Pope's Quay;-8.477385;51.901632;13-07-2017 15:43:00;10;8
0;North Main St.;-8.47844005;51.89974733;13-07-2017 15:43:00;4;11
0;Grattan St.;-8.47977966;51.8984737;13-07-2017 15:43:00;4;5
0;Wandesford Quay;-8.48004;51.896492;13-07-2017 15:43:00;9;12
0;Bishop St.;-8.4790268;51.89468826;13-07-2017 15:43:00;6;8
0;Camden Quay;-8.473342;51.901054;13-07-2017 15:43:00;4;16
0;Corn Market St.;-8.477;51.9;13-07-2017 15:43:00;15;7
0;Lapp's Quay;-8.465735;51.898144;13-07-2017 15:43:00;2;26
0;St. Patricks St.;-8.47261531;51.89850471;13-07-2017 15:43:00;6;13
0;South Main St.;-8.47689553164735;51.89694605306899;13-07-2017 15:43:00;6;4
0;Grand Parade;-8.47536977381303;51.89748023175811;13-07-2017 15:43:00;12;4
0;Peace Park;-8.47347588279142;51.89619469926869;13-07-2017 15:43:00;11;7
0;South Gate Bridge;-8.47586514429047;51.89549439125871;13-07-2017 15:43:00;8;4
0;Coburg St.;-8.47056736;51.90155283;13-07-2017 15:43:00;9;19
0;Emmet Place;-8.47270466388061;51.90020812214529;13-07-2017 15:43:00;16;4
0;South Mall;-8.46989982762231;51.89683855516081;13-07-2017 15:43:00;24;4
0;College of Commerce;-8.469797;51.8953;13-07-2017 15:43:00;11;9
0;Father Mathew Statue;-8.4706278;51.89967344;13-07-2017 15:43:00;5;10
0;Cork School of Music;-8.46809252166047;51.89631707505499;13-07-2017 15:43:00;7;8
1;Brian Boru Bridge;-8.465153;51.900405;13-07-2017 15:43:00;0;0
0;Bus Station;-8.46695074;51.89951532;13-07-2017 15:43:00;5;15
0;Cork City Hall;-8.466;51.897;13-07-2017 15:43:00;6;7
0;Lower Glanmire Rd.;-8.46411816;51.90137057;13-07-2017 15:43:00;12;9
0;Clontarf Street;-8.46562933177544;51.89848186918711;13-07-2017 15:43:00;5;4
0;Kent Station;-8.45821512;51.90196195;13-07-2017 15:43:00;15;14
0;Gaol Walk;-8.494174;51.893604;13-07-2017 15:48:00;7;17
0;Fitzgerald's Park;-8.49341266;51.89555327;13-07-2017 15:48:00;8;4
0;Bandfield;-8.4891363;51.89580557;13-07-2017 15:48:00;9;23
0;Dyke Parade;-8.48458467;51.89718531;13-07-2017 15:48:00;8;2
0;Mercy Hospital;-8.48225676;51.89911495;13-07-2017 15:48:00;8;5
0;St. Fin Barre's Bridge;-8.48196155;51.89710212;13-07-2017 15:48:00;17;2
0;Pope's Quay;-8.477385;51.901632;13-07-2017 15:48:00;11;7
0;North Main St.;-8.47844005;51.89974733;13-07-2017 15:48:00;4;11
0;Grattan St.;-8.47977966;51.8984737;13-07-2017 15:48:00;4;5
0;Wandesford Quay;-8.48004;51.896492;13-07-2017 15:48:00;9;12
0;Bishop St.;-8.4790268;51.89468826;13-07-2017 15:48:00;6;8
0;Camden Quay;-8.473342;51.901054;13-07-2017 15:48:00;4;16
0;Corn Market St.;-8.477;51.9;13-07-2017 15:48:00;15;7
0;Lapp's Quay;-8.465735;51.898144;13-07-2017 15:48:00;2;26
0;St. Patricks St.;-8.47261531;51.89850471;13-07-2017 15:48:00;6;13
0;South Main St.;-8.47689553164735;51.89694605306899;13-07-2017 15:48:00;6;4
0;Grand Parade;-8.47536977381303;51.89748023175811;13-07-2017 15:48:00;11;5
0;Peace Park;-8.47347588279142;51.89619469926869;13-07-2017 15:48:00;12;6
0;South Gate Bridge;-8.47586514429047;51.89549439125871;13-07-2017 15:48:00;8;4
0;Coburg St.;-8.47056736;51.90155283;13-07-2017 15:48:00;9;19
0;Emmet Place;-8.47270466388061;51.90020812214529;13-07-2017 15:48:00;16;4
0;South Mall;-8.46989982762231;51.89683855516081;13-07-2017 15:48:00;24;4
0;College of Commerce;-8.469797;51.8953;13-07-2017 15:48:00;11;9
0;Father Mathew Statue;-8.4706278;51.89967344;13-07-2017 15:48:00;5;10
0;Cork School of Music;-8.46809252166047;51.89631707505499;13-07-2017 15:48:00;7;8
1;Brian Boru Bridge;-8.465153;51.900405;13-07-2017 15:48:00;0;0
0;Bus Station;-8.46695074;51.89951532;13-07-2017 15:48:00;5;15
0;Cork City Hall;-8.466;51.897;13-07-2017 15:48:00;6;7
0;Lower Glanmire Rd.;-8.46411816;51.90137057;13-07-2017 15:48:00;12;9
0;Clontarf Street;-8.46562933177544;51.89848186918711;13-07-2017 15:48:00;5;4
0;Kent Station;-8.45821512;51.90196195;13-07-2017 15:48:00;14;15
0;Gaol Walk;-8.494174;51.893604;13-07-2017 15:53:00;7;17
0;Fitzgerald's Park;-8.49341266;51.89555327;13-07-2017 15:53:00;8;4
0;Bandfield;-8.4891363;51.89580557;13-07-2017 15:53:00;8;24
0;Dyke Parade;-8.48458467;51.89718531;13-07-2017 15:53:00;8;2
0;Mercy Hospital;-8.48225676;51.89911495;13-07-2017 15:53:00;8;5
0;St. Fin Barre's Bridge;-8.48196155;51.89710212;13-07-2017 15:53:00;19;0
0;Pope's Quay;-8.477385;51.901632;13-07-2017 15:53:00;11;7
0;North Main St.;-8.47844005;51.89974733;13-07-2017 15:53:00;4;11
0;Grattan St.;-8.47977966;51.8984737;13-07-2017 15:53:00;4;5
0;Wandesford Quay;-8.48004;51.896492;13-07-2017 15:53:00;9;12
0;Bishop St.;-8.4790268;51.89468826;13-07-2017 15:53:00;7;7
0;Camden Quay;-8.473342;51.901054;13-07-2017 15:53:00;5;15
0;Corn Market St.;-8.477;51.9;13-07-2017 15:53:00;15;7
0;Lapp's Quay;-8.465735;51.898144;13-07-2017 15:53:00;8;20
0;St. Patricks St.;-8.47261531;51.89850471;13-07-2017 15:53:00;7;12
0;South Main St.;-8.47689553164735;51.89694605306899;13-07-2017 15:53:00;6;4
0;Grand Parade;-8.47536977381303;51.89748023175811;13-07-2017 15:53:00;10;6
0;Peace Park;-8.47347588279142;51.89619469926869;13-07-2017 15:53:00;12;6
0;South Gate Bridge;-8.47586514429047;51.89549439125871;13-07-2017 15:53:00;8;4
0;Coburg St.;-8.47056736;51.90155283;13-07-2017 15:53:00;9;19
0;Emmet Place;-8.47270466388061;51.90020812214529;13-07-2017 15:53:00;16;4
0;South Mall;-8.46989982762231;51.89683855516081;13-07-2017 15:53:00;24;4
0;College of Commerce;-8.469797;51.8953;13-07-2017 15:53:00;11;10
0;Father Mathew Statue;-8.4706278;51.89967344;13-07-2017 15:53:00;5;10
0;Cork School of Music;-8.46809252166047;51.89631707505499;13-07-2017 15:53:00;7;8
1;Brian Boru Bridge;-8.465153;51.900405;13-07-2017 15:53:00;0;0
0;Bus Station;-8.46695074;51.89951532;13-07-2017 15:53:00;5;15
0;Cork City Hall;-8.466;51.897;13-07-2017 15:53:00;6;7
0;Lower Glanmire Rd.;-8.46411816;51.90137057;13-07-2017 15:53:00;12;9
0;Clontarf Street;-8.46562933177544;51.89848186918711;13-07-2017 15:53:00;5;4
0;Kent Station;-8.45821512;51.90196195;13-07-2017 15:53:00;14;15
0;Gaol Walk;-8.494174;51.893604;13-07-2017 15:58:00;7;17
0;Fitzgerald's Park;-8.49341266;51.89555327;13-07-2017 15:58:00;8;4
0;Bandfield;-8.4891363;51.89580557;13-07-2017 15:58:00;8;24
0;Dyke Parade;-8.48458467;51.89718531;13-07-2017 15:58:00;8;2
0;Mercy Hospital;-8.48225676;51.89911495;13-07-2017 15:58:00;8;5
0;St. Fin Barre's Bridge;-8.48196155;51.89710212;13-07-2017 15:58:00;19;0
0;Pope's Quay;-8.477385;51.901632;13-07-2017 15:58:00;11;7
0;North Main St.;-8.47844005;51.89974733;13-07-2017 15:58:00;4;11
0;Grattan St.;-8.47977966;51.8984737;13-07-2017 15:58:00;4;5
0;Wandesford Quay;-8.48004;51.896492;13-07-2017 15:58:00;9;12
0;Bishop St.;-8.4790268;51.89468826;13-07-2017 15:58:00;7;7
0;Camden Quay;-8.473342;51.901054;13-07-2017 15:58:00;5;15
0;Corn Market St.;-8.477;51.9;13-07-2017 15:58:00;17;5
0;Lapp's Quay;-8.465735;51.898144;13-07-2017 15:58:00;8;20
0;St. Patricks St.;-8.47261531;51.89850471;13-07-2017 15:58:00;7;12
0;South Main St.;-8.47689553164735;51.89694605306899;13-07-2017 15:58:00;6;4
0;Grand Parade;-8.47536977381303;51.89748023175811;13-07-2017 15:58:00;11;5
0;Peace Park;-8.47347588279142;51.89619469926869;13-07-2017 15:58:00;12;6
0;South Gate Bridge;-8.47586514429047;51.89549439125871;13-07-2017 15:58:00;8;4
0;Coburg St.;-8.47056736;51.90155283;13-07-2017 15:58:00;9;19
0;Emmet Place;-8.47270466388061;51.90020812214529;13-07-2017 15:58:00;16;4
0;South Mall;-8.46989982762231;51.89683855516081;13-07-2017 15:58:00;24;4
0;College of Commerce;-8.469797;51.8953;13-07-2017 15:58:00;11;9
0;Father Mathew Statue;-8.4706278;51.89967344;13-07-2017 15:58:00;5;10
0;Cork School of Music;-8.46809252166047;51.89631707505499;13-07-2017 15:58:00;7;8
1;Brian Boru Bridge;-8.465153;51.900405;13-07-2017 15:58:00;0;0
0;Bus Station;-8.46695074;51.89951532;13-07-2017 15:58:00;5;15
0;Cork City Hall;-8.466;51.897;13-07-2017 15:58:00;5;8
0;Lower Glanmire Rd.;-8.46411816;51.90137057;13-07-2017 15:58:00;12;9
0;Clontarf Street;-8.46562933177544;51.89848186918711;13-07-2017 15:58:00;5;4
0;Kent Station;-8.45821512;51.90196195;13-07-2017 15:58:00;14;15
0;Gaol Walk;-8.494174;51.893604;13-07-2017 16:03:00;7;17
0;Fitzgerald's Park;-8.49341266;51.89555327;13-07-2017 16:03:00;8;4
0;Bandfield;-8.4891363;51.89580557;13-07-2017 16:03:00;9;23
0;Dyke Parade;-8.48458467;51.89718531;13-07-2017 16:03:00;8;2
0;Mercy Hospital;-8.48225676;51.89911495;13-07-2017 16:03:00;8;5
0;St. Fin Barre's Bridge;-8.48196155;51.89710212;13-07-2017 16:03:00;19;0
0;Pope's Quay;-8.477385;51.901632;13-07-2017 16:03:00;11;7
0;North Main St.;-8.47844005;51.89974733;13-07-2017 16:03:00;4;11
0;Grattan St.;-8.47977966;51.8984737;13-07-2017 16:03:00;4;5
0;Wandesford Quay;-8.48004;51.896492;13-07-2017 16:03:00;9;12
0;Bishop St.;-8.4790268;51.89468826;13-07-2017 16:03:00;8;6
0;Camden Quay;-8.473342;51.901054;13-07-2017 16:03:00;5;15
0;Corn Market St.;-8.477;51.9;13-07-2017 16:03:00;17;5
0;Lapp's Quay;-8.465735;51.898144;13-07-2017 16:03:00;8;20
0;St. Patricks St.;-8.47261531;51.89850471;13-07-2017 16:03:00;7;12
0;South Main St.;-8.47689553164735;51.89694605306899;13-07-2017 16:03:00;6;4
0;Grand Parade;-8.47536977381303;51.89748023175811;13-07-2017 16:03:00;12;4
0;Peace Park;-8.47347588279142;51.89619469926869;13-07-2017 16:03:00;11;7
0;South Gate Bridge;-8.47586514429047;51.89549439125871;13-07-2017 16:03:00;8;4
0;Coburg St.;-8.47056736;51.90155283;13-07-2017 16:03:00;9;19
0;Emmet Place;-8.47270466388061;51.90020812214529;13-07-2017 16:03:00;16;4
0;South Mall;-8.46989982762231;51.89683855516081;13-07-2017 16:03:00;24;4
0;College of Commerce;-8.469797;51.8953;13-07-2017 16:03:00;11;10
0;Father Mathew Statue;-8.4706278;51.89967344;13-07-2017 16:03:00;6;9
0;Cork School of Music;-8.46809252166047;51.89631707505499;13-07-2017 16:03:00;7;8
1;Brian Boru Bridge;-8.465153;51.900405;13-07-2017 16:03:00;0;0
0;Bus Station;-8.46695074;51.89951532;13-07-2017 16:03:00;5;15
0;Cork City Hall;-8.466;51.897;13-07-2017 16:03:00;5;8
0;Lower Glanmire Rd.;-8.46411816;51.90137057;13-07-2017 16:03:00;12;9
0;Clontarf Street;-8.46562933177544;51.89848186918711;13-07-2017 16:03:00;5;4
0;Kent Station;-8.45821512;51.90196195;13-07-2017 16:03:00;12;17
0;Gaol Walk;-8.494174;51.893604;13-07-2017 16:08:00;8;16
0;Fitzgerald's Park;-8.49341266;51.89555327;13-07-2017 16:08:00;7;5
0;Bandfield;-8.4891363;51.89580557;13-07-2017 16:08:00;9;23
0;Dyke Parade;-8.48458467;51.89718531;13-07-2017 16:08:00;8;2
0;Mercy Hospital;-8.48225676;51.89911495;13-07-2017 16:08:00;7;6
0;St. Fin Barre's Bridge;-8.48196155;51.89710212;13-07-2017 16:08:00;19;0
0;Pope's Quay;-8.477385;51.901632;13-07-2017 16:08:00;11;7
0;North Main St.;-8.47844005;51.89974733;13-07-2017 16:08:00;4;11
0;Grattan St.;-8.47977966;51.8984737;13-07-2017 16:08:00;4;5
0;Wandesford Quay;-8.48004;51.896492;13-07-2017 16:08:00;9;12
0;Bishop St.;-8.4790268;51.89468826;13-07-2017 16:08:00;8;6
0;Camden Quay;-8.473342;51.901054;13-07-2017 16:08:00;5;15
0;Corn Market St.;-8.477;51.9;13-07-2017 16:08:00;17;5
0;Lapp's Quay;-8.465735;51.898144;13-07-2017 16:08:00;8;20
0;St. Patricks St.;-8.47261531;51.89850471;13-07-2017 16:08:00;5;14
0;South Main St.;-8.47689553164735;51.89694605306899;13-07-2017 16:08:00;6;4
0;Grand Parade;-8.47536977381303;51.89748023175811;13-07-2017 16:08:00;11;5
0;Peace Park;-8.47347588279142;51.89619469926869;13-07-2017 16:08:00;11;7
0;South Gate Bridge;-8.47586514429047;51.89549439125871;13-07-2017 16:08:00;8;4
0;Coburg St.;-8.47056736;51.90155283;13-07-2017 16:08:00;9;19
0;Emmet Place;-8.47270466388061;51.90020812214529;13-07-2017 16:08:00;16;4
0;South Mall;-8.46989982762231;51.89683855516081;13-07-2017 16:08:00;16;12
0;College of Commerce;-8.469797;51.8953;13-07-2017 16:08:00;11;10
0;Father Mathew Statue;-8.4706278;51.89967344;13-07-2017 16:08:00;6;9
0;Cork School of Music;-8.46809252166047;51.89631707505499;13-07-2017 16:08:00;7;8
1;Brian Boru Bridge;-8.465153;51.900405;13-07-2017 16:08:00;0;0
0;Bus Station;-8.46695074;51.89951532;13-07-2017 16:08:00;5;15
0;Cork City Hall;-8.466;51.897;13-07-2017 16:08:00;5;8
0;Lower Glanmire Rd.;-8.46411816;51.90137057;13-07-2017 16:08:00;12;8
0;Clontarf Street;-8.46562933177544;51.89848186918711;13-07-2017 16:08:00;5;4
0;Kent Station;-8.45821512;51.90196195;13-07-2017 16:08:00;12;17
0;Gaol Walk;-8.494174;51.893604;13-07-2017 16:13:00;7;17
0;Fitzgerald's Park;-8.49341266;51.89555327;13-07-2017 16:13:00;7;5
0;Bandfield;-8.4891363;51.89580557;13-07-2017 16:13:00;9;23
0;Dyke Parade;-8.48458467;51.89718531;13-07-2017 16:13:00;8;2
0;Mercy Hospital;-8.48225676;51.89911495;13-07-2017 16:13:00;7;6
0;St. Fin Barre's Bridge;-8.48196155;51.89710212;13-07-2017 16:13:00;19;0
0;Pope's Quay;-8.477385;51.901632;13-07-2017 16:13:00;12;6
0;North Main St.;-8.47844005;51.89974733;13-07-2017 16:13:00;4;11
0;Grattan St.;-8.47977966;51.8984737;13-07-2017 16:13:00;4;5
0;Wandesford Quay;-8.48004;51.896492;13-07-2017 16:13:00;9;12
0;Bishop St.;-8.4790268;51.89468826;13-07-2017 16:13:00;8;6
0;Camden Quay;-8.473342;51.901054;13-07-2017 16:13:00;5;15
0;Corn Market St.;-8.477;51.9;13-07-2017 16:13:00;17;5
0;Lapp's Quay;-8.465735;51.898144;13-07-2017 16:13:00;8;20
0;St. Patricks St.;-8.47261531;51.89850471;13-07-2017 16:13:00;6;13
0;South Main St.;-8.47689553164735;51.89694605306899;13-07-2017 16:13:00;6;4
0;Grand Parade;-8.47536977381303;51.89748023175811;13-07-2017 16:13:00;11;5
0;Peace Park;-8.47347588279142;51.89619469926869;13-07-2017 16:13:00;11;7
0;South Gate Bridge;-8.47586514429047;51.89549439125871;13-07-2017 16:13:00;7;5
0;Coburg St.;-8.47056736;51.90155283;13-07-2017 16:13:00;9;19
0;Emmet Place;-8.47270466388061;51.90020812214529;13-07-2017 16:13:00;17;3
0;South Mall;-8.46989982762231;51.89683855516081;13-07-2017 16:13:00;16;12
0;College of Commerce;-8.469797;51.8953;13-07-2017 16:13:00;12;8
0;Father Mathew Statue;-8.4706278;51.89967344;13-07-2017 16:13:00;6;9
0;Cork School of Music;-8.46809252166047;51.89631707505499;13-07-2017 16:13:00;7;8
1;Brian Boru Bridge;-8.465153;51.900405;13-07-2017 16:13:00;0;0
0;Bus Station;-8.46695074;51.89951532;13-07-2017 16:13:00;5;15
0;Cork City Hall;-8.466;51.897;13-07-2017 16:13:00;6;7
0;Lower Glanmire Rd.;-8.46411816;51.90137057;13-07-2017 16:13:00;12;8
0;Clontarf Street;-8.46562933177544;51.89848186918711;13-07-2017 16:13:00;5;4
0;Kent Station;-8.45821512;51.90196195;13-07-2017 16:13:00;11;18
0;Gaol Walk;-8.494174;51.893604;13-07-2017 16:18:00;7;17
0;Fitzgerald's Park;-8.49341266;51.89555327;13-07-2017 16:18:00;5;7
0;Bandfield;-8.4891363;51.89580557;13-07-2017 16:18:00;10;22
0;Dyke Parade;-8.48458467;51.89718531;13-07-2017 16:18:00;8;2
0;Mercy Hospital;-8.48225676;51.89911495;13-07-2017 16:18:00;7;6
0;St. Fin Barre's Bridge;-8.48196155;51.89710212;13-07-2017 16:18:00;19;0
0;Pope's Quay;-8.477385;51.901632;13-07-2017 16:18:00;12;6
0;North Main St.;-8.47844005;51.89974733;13-07-2017 16:18:00;4;11
0;Grattan St.;-8.47977966;51.8984737;13-07-2017 16:18:00;4;5
0;Wandesford Quay;-8.48004;51.896492;13-07-2017 16:18:00;9;12
0;Bishop St.;-8.4790268;51.89468826;13-07-2017 16:18:00;8;6
0;Camden Quay;-8.473342;51.901054;13-07-2017 16:18:00;5;15
0;Corn Market St.;-8.477;51.9;13-07-2017 16:18:00;17;5
0;Lapp's Quay;-8.465735;51.898144;13-07-2017 16:18:00;8;20
0;St. Patricks St.;-8.47261531;51.89850471;13-07-2017 16:18:00;6;13
0;South Main St.;-8.47689553164735;51.89694605306899;13-07-2017 16:18:00;6;4
0;Grand Parade;-8.47536977381303;51.89748023175811;13-07-2017 16:18:00;11;5
0;Peace Park;-8.47347588279142;51.89619469926869;13-07-2017 16:18:00;11;7
0;South Gate Bridge;-8.47586514429047;51.89549439125871;13-07-2017 16:18:00;8;4
0;Coburg St.;-8.47056736;51.90155283;13-07-2017 16:18:00;9;19
0;Emmet Place;-8.47270466388061;51.90020812214529;13-07-2017 16:18:00;17;3
0;South Mall;-8.46989982762231;51.89683855516081;13-07-2017 16:18:00;16;12
0;College of Commerce;-8.469797;51.8953;13-07-2017 16:18:00;12;9
0;Father Mathew Statue;-8.4706278;51.89967344;13-07-2017 16:18:00;5;10
0;Cork School of Music;-8.46809252166047;51.89631707505499;13-07-2017 16:18:00;7;8
1;Brian Boru Bridge;-8.465153;51.900405;13-07-2017 16:18:00;0;0
0;Bus Station;-8.46695074;51.89951532;13-07-2017 16:18:00;5;15
0;Cork City Hall;-8.466;51.897;13-07-2017 16:18:00;6;7
0;Lower Glanmire Rd.;-8.46411816;51.90137057;13-07-2017 16:18:00;12;8
0;Clontarf Street;-8.46562933177544;51.89848186918711;13-07-2017 16:18:00;5;4
0;Kent Station;-8.45821512;51.90196195;13-07-2017 16:18:00;12;17
0;Gaol Walk;-8.494174;51.893604;13-07-2017 16:23:00;7;17
0;Fitzgerald's Park;-8.49341266;51.89555327;13-07-2017 16:23:00;4;8
0;Bandfield;-8.4891363;51.89580557;13-07-2017 16:23:00;9;23
0;Dyke Parade;-8.48458467;51.89718531;13-07-2017 16:23:00;8;2
0;Mercy Hospital;-8.48225676;51.89911495;13-07-2017 16:23:00;7;6
0;St. Fin Barre's Bridge;-8.48196155;51.89710212;13-07-2017 16:23:00;19;0
0;Pope's Quay;-8.477385;51.901632;13-07-2017 16:23:00;12;6
0;North Main St.;-8.47844005;51.89974733;13-07-2017 16:23:00;4;11
0;Grattan St.;-8.47977966;51.8984737;13-07-2017 16:23:00;4;5
0;Wandesford Quay;-8.48004;51.896492;13-07-2017 16:23:00;9;12
0;Bishop St.;-8.4790268;51.89468826;13-07-2017 16:23:00;8;6
0;Camden Quay;-8.473342;51.901054;13-07-2017 16:23:00;5;15
0;Corn Market St.;-8.477;51.9;13-07-2017 16:23:00;17;5
0;Lapp's Quay;-8.465735;51.898144;13-07-2017 16:23:00;8;20
0;St. Patricks St.;-8.47261531;51.89850471;13-07-2017 16:23:00;7;12
0;South Main St.;-8.47689553164735;51.89694605306899;13-07-2017 16:23:00;6;4
0;Grand Parade;-8.47536977381303;51.89748023175811;13-07-2017 16:23:00;10;6
0;Peace Park;-8.47347588279142;51.89619469926869;13-07-2017 16:23:00;10;8
0;South Gate Bridge;-8.47586514429047;51.89549439125871;13-07-2017 16:23:00;8;4
0;Coburg St.;-8.47056736;51.90155283;13-07-2017 16:23:00;9;19
0;Emmet Place;-8.47270466388061;51.90020812214529;13-07-2017 16:23:00;17;3
0;South Mall;-8.46989982762231;51.89683855516081;13-07-2017 16:23:00;16;12
0;College of Commerce;-8.469797;51.8953;13-07-2017 16:23:00;12;9
0;Father Mathew Statue;-8.4706278;51.89967344;13-07-2017 16:23:00;5;10
0;Cork School of Music;-8.46809252166047;51.89631707505499;13-07-2017 16:23:00;6;9
1;Brian Boru Bridge;-8.465153;51.900405;13-07-2017 16:23:00;0;0
0;Bus Station;-8.46695074;51.89951532;13-07-2017 16:23:00;5;15
0;Cork City Hall;-8.466;51.897;13-07-2017 16:23:00;6;7
0;Lower Glanmire Rd.;-8.46411816;51.90137057;13-07-2017 16:23:00;12;8
0;Clontarf Street;-8.46562933177544;51.89848186918711;13-07-2017 16:23:00;5;4
0;Kent Station;-8.45821512;51.90196195;13-07-2017 16:23:00;14;15
0;Gaol Walk;-8.494174;51.893604;13-07-2017 16:28:00;7;17
0;Fitzgerald's Park;-8.49341266;51.89555327;13-07-2017 16:28:00;4;8
0;Bandfield;-8.4891363;51.89580557;13-07-2017 16:28:00;9;23
0;Dyke Parade;-8.48458467;51.89718531;13-07-2017 16:28:00;8;2
0;Mercy Hospital;-8.48225676;51.89911495;13-07-2017 16:28:00;7;6
0;St. Fin Barre's Bridge;-8.48196155;51.89710212;13-07-2017 16:28:00;18;1
0;Pope's Quay;-8.477385;51.901632;13-07-2017 16:28:00;12;6
0;North Main St.;-8.47844005;51.89974733;13-07-2017 16:28:00;4;11
0;Grattan St.;-8.47977966;51.8984737;13-07-2017 16:28:00;4;5
0;Wandesford Quay;-8.48004;51.896492;13-07-2017 16:28:00;9;12
0;Bishop St.;-8.4790268;51.89468826;13-07-2017 16:28:00;7;7
0;Camden Quay;-8.473342;51.901054;13-07-2017 16:28:00;5;15
0;Corn Market St.;-8.477;51.9;13-07-2017 16:28:00;16;6
0;Lapp's Quay;-8.465735;51.898144;13-07-2017 16:28:00;8;20
0;St. Patricks St.;-8.47261531;51.89850471;13-07-2017 16:28:00;8;11
0;South Main St.;-8.47689553164735;51.89694605306899;13-07-2017 16:28:00;6;4
0;Grand Parade;-8.47536977381303;51.89748023175811;13-07-2017 16:28:00;9;7
0;Peace Park;-8.47347588279142;51.89619469926869;13-07-2017 16:28:00;10;8
0;South Gate Bridge;-8.47586514429047;51.89549439125871;13-07-2017 16:28:00;8;4
0;Coburg St.;-8.47056736;51.90155283;13-07-2017 16:28:00;10;18
0;Emmet Place;-8.47270466388061;51.90020812214529;13-07-2017 16:28:00;13;7
0;South Mall;-8.46989982762231;51.89683855516081;13-07-2017 16:28:00;16;12
0;College of Commerce;-8.469797;51.8953;13-07-2017 16:28:00;13;7
0;Father Mathew Statue;-8.4706278;51.89967344;13-07-2017 16:28:00;5;10
0;Cork School of Music;-8.46809252166047;51.89631707505499;13-07-2017 16:28:00;6;9
1;Brian Boru Bridge;-8.465153;51.900405;13-07-2017 16:28:00;0;0
0;Bus Station;-8.46695074;51.89951532;13-07-2017 16:28:00;5;15
0;Cork City Hall;-8.466;51.897;13-07-2017 16:28:00;6;7
0;Lower Glanmire Rd.;-8.46411816;51.90137057;13-07-2017 16:28:00;13;7
0;Clontarf Street;-8.46562933177544;51.89848186918711;13-07-2017 16:28:00;5;4
0;Kent Station;-8.45821512;51.90196195;13-07-2017 16:28:00;14;15
0;Gaol Walk;-8.494174;51.893604;13-07-2017 16:33:00;8;16
0;Fitzgerald's Park;-8.49341266;51.89555327;13-07-2017 16:33:00;4;8
0;Bandfield;-8.4891363;51.89580557;13-07-2017 16:33:00;9;23
0;Dyke Parade;-8.48458467;51.89718531;13-07-2017 16:33:00;8;2
0;Mercy Hospital;-8.48225676;51.89911495;13-07-2017 16:33:00;6;7
0;St. Fin Barre's Bridge;-8.48196155;51.89710212;13-07-2017 16:33:00;19;0
0;Pope's Quay;-8.477385;51.901632;13-07-2017 16:33:00;11;7
0;North Main St.;-8.47844005;51.89974733;13-07-2017 16:33:00;4;11
0;Grattan St.;-8.47977966;51.8984737;13-07-2017 16:33:00;4;5
0;Wandesford Quay;-8.48004;51.896492;13-07-2017 16:33:00;9;12
0;Bishop St.;-8.4790268;51.89468826;13-07-2017 16:33:00;7;7
0;Camden Quay;-8.473342;51.901054;13-07-2017 16:33:00;4;16
0;Corn Market St.;-8.477;51.9;13-07-2017 16:33:00;16;6
0;Lapp's Quay;-8.465735;51.898144;13-07-2017 16:33:00;8;20
0;St. Patricks St.;-8.47261531;51.89850471;13-07-2017 16:33:00;8;11
0;South Main St.;-8.47689553164735;51.89694605306899;13-07-2017 16:33:00;6;4
0;Grand Parade;-8.47536977381303;51.89748023175811;13-07-2017 16:33:00;9;7
0;Peace Park;-8.47347588279142;51.89619469926869;13-07-2017 16:33:00;10;8
0;South Gate Bridge;-8.47586514429047;51.89549439125871;13-07-2017 16:33:00;8;4
0;Coburg St.;-8.47056736;51.90155283;13-07-2017 16:33:00;10;18
0;Emmet Place;-8.47270466388061;51.90020812214529;13-07-2017 16:33:00;13;7
0;South Mall;-8.46989982762231;51.89683855516081;13-07-2017 16:33:00;16;12
0;College of Commerce;-8.469797;51.8953;13-07-2017 16:33:00;13;7
0;Father Mathew Statue;-8.4706278;51.89967344;13-07-2017 16:33:00;5;10
0;Cork School of Music;-8.46809252166047;51.89631707505499;13-07-2017 16:33:00;6;9
1;Brian Boru Bridge;-8.465153;51.900405;13-07-2017 16:33:00;0;0
0;Bus Station;-8.46695074;51.89951532;13-07-2017 16:33:00;5;15
0;Cork City Hall;-8.466;51.897;13-07-2017 16:33:00;6;7
0;Lower Glanmire Rd.;-8.46411816;51.90137057;13-07-2017 16:33:00;13;7
0;Clontarf Street;-8.46562933177544;51.89848186918711;13-07-2017 16:33:00;5;4
0;Kent Station;-8.45821512;51.90196195;13-07-2017 16:33:00;15;14
0;Gaol Walk;-8.494174;51.893604;13-07-2017 16:38:00;8;16
0;Fitzgerald's Park;-8.49341266;51.89555327;13-07-2017 16:38:00;7;5
0;Bandfield;-8.4891363;51.89580557;13-07-2017 16:38:00;5;27
0;Dyke Parade;-8.48458467;51.89718531;13-07-2017 16:38:00;8;2
0;Mercy Hospital;-8.48225676;51.89911495;13-07-2017 16:38:00;6;7
0;St. Fin Barre's Bridge;-8.48196155;51.89710212;13-07-2017 16:38:00;19;0
0;Pope's Quay;-8.477385;51.901632;13-07-2017 16:38:00;10;8
0;North Main St.;-8.47844005;51.89974733;13-07-2017 16:38:00;3;12
0;Grattan St.;-8.47977966;51.8984737;13-07-2017 16:38:00;4;5
0;Wandesford Quay;-8.48004;51.896492;13-07-2017 16:38:00;9;12
0;Bishop St.;-8.4790268;51.89468826;13-07-2017 16:38:00;7;7
0;Camden Quay;-8.473342;51.901054;13-07-2017 16:38:00;4;16
0;Corn Market St.;-8.477;51.9;13-07-2017 16:38:00;16;6
0;Lapp's Quay;-8.465735;51.898144;13-07-2017 16:38:00;8;20
0;St. Patricks St.;-8.47261531;51.89850471;13-07-2017 16:38:00;8;11
0;South Main St.;-8.47689553164735;51.89694605306899;13-07-2017 16:38:00;6;4
0;Grand Parade;-8.47536977381303;51.89748023175811;13-07-2017 16:38:00;8;8
0;Peace Park;-8.47347588279142;51.89619469926869;13-07-2017 16:38:00;10;8
0;South Gate Bridge;-8.47586514429047;51.89549439125871;13-07-2017 16:38:00;8;4
0;Coburg St.;-8.47056736;51.90155283;13-07-2017 16:38:00;10;18
0;Emmet Place;-8.47270466388061;51.90020812214529;13-07-2017 16:38:00;13;7
0;South Mall;-8.46989982762231;51.89683855516081;13-07-2017 16:38:00;16;12
0;College of Commerce;-8.469797;51.8953;13-07-2017 16:38:00;14;6
0;Father Mathew Statue;-8.4706278;51.89967344;13-07-2017 16:38:00;5;10
0;Cork School of Music;-8.46809252166047;51.89631707505499;13-07-2017 16:38:00;6;9
1;Brian Boru Bridge;-8.465153;51.900405;13-07-2017 16:38:00;0;0
0;Bus Station;-8.46695074;51.89951532;13-07-2017 16:38:00;5;15
0;Cork City Hall;-8.466;51.897;13-07-2017 16:38:00;6;7
0;Lower Glanmire Rd.;-8.46411816;51.90137057;13-07-2017 16:38:00;13;7
0;Clontarf Street;-8.46562933177544;51.89848186918711;13-07-2017 16:38:00;5;4
0;Kent Station;-8.45821512;51.90196195;13-07-2017 16:38:00;15;14
0;Gaol Walk;-8.494174;51.893604;13-07-2017 16:43:00;8;16
0;Fitzgerald's Park;-8.49341266;51.89555327;13-07-2017 16:43:00;7;5
0;Bandfield;-8.4891363;51.89580557;13-07-2017 16:43:00;5;27
0;Dyke Parade;-8.48458467;51.89718531;13-07-2017 16:43:00;8;2
0;Mercy Hospital;-8.48225676;51.89911495;13-07-2017 16:43:00;5;8
0;St. Fin Barre's Bridge;-8.48196155;51.89710212;13-07-2017 16:43:00;19;0
0;Pope's Quay;-8.477385;51.901632;13-07-2017 16:43:00;10;8
0;North Main St.;-8.47844005;51.89974733;13-07-2017 16:43:00;3;12
0;Grattan St.;-8.47977966;51.8984737;13-07-2017 16:43:00;4;5
0;Wandesford Quay;-8.48004;51.896492;13-07-2017 16:43:00;9;12
0;Bishop St.;-8.4790268;51.89468826;13-07-2017 16:43:00;7;7
0;Camden Quay;-8.473342;51.901054;13-07-2017 16:43:00;4;16
0;Corn Market St.;-8.477;51.9;13-07-2017 16:43:00;16;6
0;Lapp's Quay;-8.465735;51.898144;13-07-2017 16:43:00;8;20
0;St. Patricks St.;-8.47261531;51.89850471;13-07-2017 16:43:00;8;11
0;South Main St.;-8.47689553164735;51.89694605306899;13-07-2017 16:43:00;7;3
0;Grand Parade;-8.47536977381303;51.89748023175811;13-07-2017 16:43:00;10;6
0;Peace Park;-8.47347588279142;51.89619469926869;13-07-2017 16:43:00;10;8
0;South Gate Bridge;-8.47586514429047;51.89549439125871;13-07-2017 16:43:00;8;4
0;Coburg St.;-8.47056736;51.90155283;13-07-2017 16:43:00;10;18
0;Emmet Place;-8.47270466388061;51.90020812214529;13-07-2017 16:43:00;13;7
0;South Mall;-8.46989982762231;51.89683855516081;13-07-2017 16:43:00;16;12
0;College of Commerce;-8.469797;51.8953;13-07-2017 16:43:00;13;7
0;Father Mathew Statue;-8.4706278;51.89967344;13-07-2017 16:43:00;6;9
0;Cork School of Music;-8.46809252166047;51.89631707505499;13-07-2017 16:43:00;6;9
1;Brian Boru Bridge;-8.465153;51.900405;13-07-2017 16:43:00;0;0
0;Bus Station;-8.46695074;51.89951532;13-07-2017 16:43:00;5;15
0;Cork City Hall;-8.466;51.897;13-07-2017 16:43:00;5;8
0;Lower Glanmire Rd.;-8.46411816;51.90137057;13-07-2017 16:43:00;12;8
0;Clontarf Street;-8.46562933177544;51.89848186918711;13-07-2017 16:43:00;5;4
0;Kent Station;-8.45821512;51.90196195;13-07-2017 16:43:00;15;14
0;Gaol Walk;-8.494174;51.893604;13-07-2017 16:48:00;8;16
0;Fitzgerald's Park;-8.49341266;51.89555327;13-07-2017 16:48:00;9;3
0;Bandfield;-8.4891363;51.89580557;13-07-2017 16:48:00;5;27
0;Dyke Parade;-8.48458467;51.89718531;13-07-2017 16:48:00;8;2
0;Mercy Hospital;-8.48225676;51.89911495;13-07-2017 16:48:00;5;8
0;St. Fin Barre's Bridge;-8.48196155;51.89710212;13-07-2017 16:48:00;19;0
0;Pope's Quay;-8.477385;51.901632;13-07-2017 16:48:00;10;8
0;North Main St.;-8.47844005;51.89974733;13-07-2017 16:48:00;3;12
0;Grattan St.;-8.47977966;51.8984737;13-07-2017 16:48:00;4;5
0;Wandesford Quay;-8.48004;51.896492;13-07-2017 16:48:00;9;12
0;Bishop St.;-8.4790268;51.89468826;13-07-2017 16:48:00;7;7
0;Camden Quay;-8.473342;51.901054;13-07-2017 16:48:00;3;17
0;Corn Market St.;-8.477;51.9;13-07-2017 16:48:00;17;5
0;Lapp's Quay;-8.465735;51.898144;13-07-2017 16:48:00;8;20
0;St. Patricks St.;-8.47261531;51.89850471;13-07-2017 16:48:00;8;11
0;South Main St.;-8.47689553164735;51.89694605306899;13-07-2017 16:48:00;7;3
0;Grand Parade;-8.47536977381303;51.89748023175811;13-07-2017 16:48:00;10;6
0;Peace Park;-8.47347588279142;51.89619469926869;13-07-2017 16:48:00;10;8
0;South Gate Bridge;-8.47586514429047;51.89549439125871;13-07-2017 16:48:00;8;4
0;Coburg St.;-8.47056736;51.90155283;13-07-2017 16:48:00;10;18
0;Emmet Place;-8.47270466388061;51.90020812214529;13-07-2017 16:48:00;15;5
0;South Mall;-8.46989982762231;51.89683855516081;13-07-2017 16:48:00;16;12
0;College of Commerce;-8.469797;51.8953;13-07-2017 16:48:00;13;7
0;Father Mathew Statue;-8.4706278;51.89967344;13-07-2017 16:48:00;5;10
0;Cork School of Music;-8.46809252166047;51.89631707505499;13-07-2017 16:48:00;6;9
1;Brian Boru Bridge;-8.465153;51.900405;13-07-2017 16:48:00;0;0
0;Bus Station;-8.46695074;51.89951532;13-07-2017 16:48:00;5;15
0;Cork City Hall;-8.466;51.897;13-07-2017 16:48:00;5;8
0;Lower Glanmire Rd.;-8.46411816;51.90137057;13-07-2017 16:48:00;13;7
0;Clontarf Street;-8.46562933177544;51.89848186918711;13-07-2017 16:48:00;6;3
0;Kent Station;-8.45821512;51.90196195;13-07-2017 16:48:00;17;12
0;Gaol Walk;-8.494174;51.893604;13-07-2017 16:53:00;7;17
0;Fitzgerald's Park;-8.49341266;51.89555327;13-07-2017 16:53:00;10;2
0;Bandfield;-8.4891363;51.89580557;13-07-2017 16:53:00;13;19
0;Dyke Parade;-8.48458467;51.89718531;13-07-2017 16:53:00;8;2
0;Mercy Hospital;-8.48225676;51.89911495;13-07-2017 16:53:00;4;9
0;St. Fin Barre's Bridge;-8.48196155;51.89710212;13-07-2017 16:53:00;19;0
0;Pope's Quay;-8.477385;51.901632;13-07-2017 16:53:00;10;8
0;North Main St.;-8.47844005;51.89974733;13-07-2017 16:53:00;3;12
0;Grattan St.;-8.47977966;51.8984737;13-07-2017 16:53:00;4;5
0;Wandesford Quay;-8.48004;51.896492;13-07-2017 16:53:00;9;12
0;Bishop St.;-8.4790268;51.89468826;13-07-2017 16:53:00;7;7
0;Camden Quay;-8.473342;51.901054;13-07-2017 16:53:00;3;17
0;Corn Market St.;-8.477;51.9;13-07-2017 16:53:00;17;5
0;Lapp's Quay;-8.465735;51.898144;13-07-2017 16:53:00;8;20
0;St. Patricks St.;-8.47261531;51.89850471;13-07-2017 16:53:00;8;11
0;South Main St.;-8.47689553164735;51.89694605306899;13-07-2017 16:53:00;7;3
0;Grand Parade;-8.47536977381303;51.89748023175811;13-07-2017 16:53:00;10;6
0;Peace Park;-8.47347588279142;51.89619469926869;13-07-2017 16:53:00;10;8
0;South Gate Bridge;-8.47586514429047;51.89549439125871;13-07-2017 16:53:00;8;4
0;Coburg St.;-8.47056736;51.90155283;13-07-2017 16:53:00;10;18
0;Emmet Place;-8.47270466388061;51.90020812214529;13-07-2017 16:53:00;15;5
0;South Mall;-8.46989982762231;51.89683855516081;13-07-2017 16:53:00;16;12
0;College of Commerce;-8.469797;51.8953;13-07-2017 16:53:00;11;9
0;Father Mathew Statue;-8.4706278;51.89967344;13-07-2017 16:53:00;5;10
0;Cork School of Music;-8.46809252166047;51.89631707505499;13-07-2017 16:53:00;6;9
1;Brian Boru Bridge;-8.465153;51.900405;13-07-2017 16:53:00;0;0
0;Bus Station;-8.46695074;51.89951532;13-07-2017 16:53:00;5;15
0;Cork City Hall;-8.466;51.897;13-07-2017 16:53:00;5;8
0;Lower Glanmire Rd.;-8.46411816;51.90137057;13-07-2017 16:53:00;13;7
0;Clontarf Street;-8.46562933177544;51.89848186918711;13-07-2017 16:53:00;6;3
0;Kent Station;-8.45821512;51.90196195;13-07-2017 16:53:00;18;11
0;Gaol Walk;-8.494174;51.893604;13-07-2017 16:58:00;7;17
0;Fitzgerald's Park;-8.49341266;51.89555327;13-07-2017 16:58:00;10;2
0;Bandfield;-8.4891363;51.89580557;13-07-2017 16:58:00;11;21
0;Dyke Parade;-8.48458467;51.89718531;13-07-2017 16:58:00;8;2
0;Mercy Hospital;-8.48225676;51.89911495;13-07-2017 16:58:00;3;10
0;St. Fin Barre's Bridge;-8.48196155;51.89710212;13-07-2017 16:58:00;19;0
0;Pope's Quay;-8.477385;51.901632;13-07-2017 16:58:00;10;8
0;North Main St.;-8.47844005;51.89974733;13-07-2017 16:58:00;3;12
0;Grattan St.;-8.47977966;51.8984737;13-07-2017 16:58:00;4;5
0;Wandesford Quay;-8.48004;51.896492;13-07-2017 16:58:00;9;12
0;Bishop St.;-8.4790268;51.89468826;13-07-2017 16:58:00;7;7
0;Camden Quay;-8.473342;51.901054;13-07-2017 16:58:00;3;17
0;Corn Market St.;-8.477;51.9;13-07-2017 16:58:00;17;5
0;Lapp's Quay;-8.465735;51.898144;13-07-2017 16:58:00;9;19
0;St. Patricks St.;-8.47261531;51.89850471;13-07-2017 16:58:00;8;11
0;South Main St.;-8.47689553164735;51.89694605306899;13-07-2017 16:58:00;7;3
0;Grand Parade;-8.47536977381303;51.89748023175811;13-07-2017 16:58:00;10;6
0;Peace Park;-8.47347588279142;51.89619469926869;13-07-2017 16:58:00;11;7
0;South Gate Bridge;-8.47586514429047;51.89549439125871;13-07-2017 16:58:00;9;3
0;Coburg St.;-8.47056736;51.90155283;13-07-2017 16:58:00;10;18
0;Emmet Place;-8.47270466388061;51.90020812214529;13-07-2017 16:58:00;15;5
0;South Mall;-8.46989982762231;51.89683855516081;13-07-2017 16:58:00;15;13
0;College of Commerce;-8.469797;51.8953;13-07-2017 16:58:00;11;10
0;Father Mathew Statue;-8.4706278;51.89967344;13-07-2017 16:58:00;5;10
0;Cork School of Music;-8.46809252166047;51.89631707505499;13-07-2017 16:58:00;6;9
1;Brian Boru Bridge;-8.465153;51.900405;13-07-2017 16:58:00;0;0
0;Bus Station;-8.46695074;51.89951532;13-07-2017 16:58:00;5;15
0;Cork City Hall;-8.466;51.897;13-07-2017 16:58:00;4;9
0;Lower Glanmire Rd.;-8.46411816;51.90137057;13-07-2017 16:58:00;13;7
0;Clontarf Street;-8.46562933177544;51.89848186918711;13-07-2017 16:58:00;6;3
0;Kent Station;-8.45821512;51.90196195;13-07-2017 16:58:00;17;12
0;Gaol Walk;-8.494174;51.893604;13-07-2017 17:03:00;4;20
0;Fitzgerald's Park;-8.49341266;51.89555327;13-07-2017 17:03:00;6;6
0;Bandfield;-8.4891363;51.89580557;13-07-2017 17:03:00;10;22
0;Dyke Parade;-8.48458467;51.89718531;13-07-2017 17:03:00;8;2
0;Mercy Hospital;-8.48225676;51.89911495;13-07-2017 17:03:00;3;10
0;St. Fin Barre's Bridge;-8.48196155;51.89710212;13-07-2017 17:03:00;19;0
0;Pope's Quay;-8.477385;51.901632;13-07-2017 17:03:00;10;8
0;North Main St.;-8.47844005;51.89974733;13-07-2017 17:03:00;3;12
0;Grattan St.;-8.47977966;51.8984737;13-07-2017 17:03:00;4;5
0;Wandesford Quay;-8.48004;51.896492;13-07-2017 17:03:00;10;11
0;Bishop St.;-8.4790268;51.89468826;13-07-2017 17:03:00;7;7
0;Camden Quay;-8.473342;51.901054;13-07-2017 17:03:00;4;16
0;Corn Market St.;-8.477;51.9;13-07-2017 17:03:00;16;6
0;Lapp's Quay;-8.465735;51.898144;13-07-2017 17:03:00;8;20
0;St. Patricks St.;-8.47261531;51.89850471;13-07-2017 17:03:00;8;11
0;South Main St.;-8.47689553164735;51.89694605306899;13-07-2017 17:03:00;7;3
0;Grand Parade;-8.47536977381303;51.89748023175811;13-07-2017 17:03:00;10;6
0;Peace Park;-8.47347588279142;51.89619469926869;13-07-2017 17:03:00;11;7
0;South Gate Bridge;-8.47586514429047;51.89549439125871;13-07-2017 17:03:00;9;3
0;Coburg St.;-8.47056736;51.90155283;13-07-2017 17:03:00;10;18
0;Emmet Place;-8.47270466388061;51.90020812214529;13-07-2017 17:03:00;15;5
0;South Mall;-8.46989982762231;51.89683855516081;13-07-2017 17:03:00;14;14
0;College of Commerce;-8.469797;51.8953;13-07-2017 17:03:00;11;10
0;Father Mathew Statue;-8.4706278;51.89967344;13-07-2017 17:03:00;4;11
0;Cork School of Music;-8.46809252166047;51.89631707505499;13-07-2017 17:03:00;6;9
1;Brian Boru Bridge;-8.465153;51.900405;13-07-2017 17:03:00;0;0
0;Bus Station;-8.46695074;51.89951532;13-07-2017 17:03:00;6;14
0;Cork City Hall;-8.466;51.897;13-07-2017 17:03:00;4;9
0;Lower Glanmire Rd.;-8.46411816;51.90137057;13-07-2017 17:03:00;13;7
0;Clontarf Street;-8.46562933177544;51.89848186918711;13-07-2017 17:03:00;6;3
0;Kent Station;-8.45821512;51.90196195;13-07-2017 17:03:00;18;11
0;Gaol Walk;-8.494174;51.893604;13-07-2017 17:08:00;3;21
0;Fitzgerald's Park;-8.49341266;51.89555327;13-07-2017 17:08:00;7;5
0;Bandfield;-8.4891363;51.89580557;13-07-2017 17:08:00;10;22
0;Dyke Parade;-8.48458467;51.89718531;13-07-2017 17:08:00;8;2
0;Mercy Hospital;-8.48225676;51.89911495;13-07-2017 17:08:00;4;9
0;St. Fin Barre's Bridge;-8.48196155;51.89710212;13-07-2017 17:08:00;19;0
0;Pope's Quay;-8.477385;51.901632;13-07-2017 17:08:00;10;8
0;North Main St.;-8.47844005;51.89974733;13-07-2017 17:08:00;3;12
0;Grattan St.;-8.47977966;51.8984737;13-07-2017 17:08:00;4;5
0;Wandesford Quay;-8.48004;51.896492;13-07-2017 17:08:00;10;11
0;Bishop St.;-8.4790268;51.89468826;13-07-2017 17:08:00;7;7
0;Camden Quay;-8.473342;51.901054;13-07-2017 17:08:00;4;16
0;Corn Market St.;-8.477;51.9;13-07-2017 17:08:00;15;7
0;Lapp's Quay;-8.465735;51.898144;13-07-2017 17:08:00;8;20
0;St. Patricks St.;-8.47261531;51.89850471;13-07-2017 17:08:00;8;11
0;South Main St.;-8.47689553164735;51.89694605306899;13-07-2017 17:08:00;6;4
0;Grand Parade;-8.47536977381303;51.89748023175811;13-07-2017 17:08:00;11;5
0;Peace Park;-8.47347588279142;51.89619469926869;13-07-2017 17:08:00;12;6
0;South Gate Bridge;-8.47586514429047;51.89549439125871;13-07-2017 17:08:00;9;3
0;Coburg St.;-8.47056736;51.90155283;13-07-2017 17:08:00;13;15
0;Emmet Place;-8.47270466388061;51.90020812214529;13-07-2017 17:08:00;15;5
0;South Mall;-8.46989982762231;51.89683855516081;13-07-2017 17:08:00;13;15
0;College of Commerce;-8.469797;51.8953;13-07-2017 17:08:00;12;8
0;Father Mathew Statue;-8.4706278;51.89967344;13-07-2017 17:08:00;4;11
0;Cork School of Music;-8.46809252166047;51.89631707505499;13-07-2017 17:08:00;6;9
1;Brian Boru Bridge;-8.465153;51.900405;13-07-2017 17:08:00;0;0
0;Bus Station;-8.46695074;51.89951532;13-07-2017 17:08:00;6;14
0;Cork City Hall;-8.466;51.897;13-07-2017 17:08:00;4;9
0;Lower Glanmire Rd.;-8.46411816;51.90137057;13-07-2017 17:08:00;12;8
0;Clontarf Street;-8.46562933177544;51.89848186918711;13-07-2017 17:08:00;6;3
0;Kent Station;-8.45821512;51.90196195;13-07-2017 17:08:00;18;11
0;Gaol Walk;-8.494174;51.893604;13-07-2017 17:13:00;3;21
0;Fitzgerald's Park;-8.49341266;51.89555327;13-07-2017 17:13:00;7;5
0;Bandfield;-8.4891363;51.89580557;13-07-2017 17:13:00;11;21
0;Dyke Parade;-8.48458467;51.89718531;13-07-2017 17:13:00;9;1
0;Mercy Hospital;-8.48225676;51.89911495;13-07-2017 17:13:00;5;8
0;St. Fin Barre's Bridge;-8.48196155;51.89710212;13-07-2017 17:13:00;17;2
0;Pope's Quay;-8.477385;51.901632;13-07-2017 17:13:00;10;8
0;North Main St.;-8.47844005;51.89974733;13-07-2017 17:13:00;3;12
0;Grattan St.;-8.47977966;51.8984737;13-07-2017 17:13:00;4;5
0;Wandesford Quay;-8.48004;51.896492;13-07-2017 17:13:00;10;11
0;Bishop St.;-8.4790268;51.89468826;13-07-2017 17:13:00;8;6
0;Camden Quay;-8.473342;51.901054;13-07-2017 17:13:00;4;16
0;Corn Market St.;-8.477;51.9;13-07-2017 17:13:00;15;7
0;Lapp's Quay;-8.465735;51.898144;13-07-2017 17:13:00;8;20
0;St. Patricks St.;-8.47261531;51.89850471;13-07-2017 17:13:00;9;10
0;South Main St.;-8.47689553164735;51.89694605306899;13-07-2017 17:13:00;5;5
0;Grand Parade;-8.47536977381303;51.89748023175811;13-07-2017 17:13:00;11;5
0;Peace Park;-8.47347588279142;51.89619469926869;13-07-2017 17:13:00;12;6
0;South Gate Bridge;-8.47586514429047;51.89549439125871;13-07-2017 17:13:00;9;3
0;Coburg St.;-8.47056736;51.90155283;13-07-2017 17:13:00;12;16
0;Emmet Place;-8.47270466388061;51.90020812214529;13-07-2017 17:13:00;15;5
0;South Mall;-8.46989982762231;51.89683855516081;13-07-2017 17:13:00;13;15
0;College of Commerce;-8.469797;51.8953;13-07-2017 17:13:00;11;9
0;Father Mathew Statue;-8.4706278;51.89967344;13-07-2017 17:13:00;4;11
0;Cork School of Music;-8.46809252166047;51.89631707505499;13-07-2017 17:13:00;6;9
1;Brian Boru Bridge;-8.465153;51.900405;13-07-2017 17:13:00;0;0
0;Bus Station;-8.46695074;51.89951532;13-07-2017 17:13:00;6;14
0;Cork City Hall;-8.466;51.897;13-07-2017 17:13:00;4;9
0;Lower Glanmire Rd.;-8.46411816;51.90137057;13-07-2017 17:13:00;12;8
0;Clontarf Street;-8.46562933177544;51.89848186918711;13-07-2017 17:13:00;5;4
0;Kent Station;-8.45821512;51.90196195;13-07-2017 17:13:00;17;12
0;Gaol Walk;-8.494174;51.893604;13-07-2017 17:18:00;3;21
0;Fitzgerald's Park;-8.49341266;51.89555327;13-07-2017 17:18:00;8;4
0;Bandfield;-8.4891363;51.89580557;13-07-2017 17:18:00;11;21
0;Dyke Parade;-8.48458467;51.89718531;13-07-2017 17:18:00;9;1
0;Mercy Hospital;-8.48225676;51.89911495;13-07-2017 17:18:00;6;7
0;St. Fin Barre's Bridge;-8.48196155;51.89710212;13-07-2017 17:18:00;17;2
0;Pope's Quay;-8.477385;51.901632;13-07-2017 17:18:00;9;9
0;North Main St.;-8.47844005;51.89974733;13-07-2017 17:18:00;3;12
0;Grattan St.;-8.47977966;51.8984737;13-07-2017 17:18:00;4;5
0;Wandesford Quay;-8.48004;51.896492;13-07-2017 17:18:00;10;11
0;Bishop St.;-8.4790268;51.89468826;13-07-2017 17:18:00;8;6
0;Camden Quay;-8.473342;51.901054;13-07-2017 17:18:00;6;14
0;Corn Market St.;-8.477;51.9;13-07-2017 17:18:00;15;7
0;Lapp's Quay;-8.465735;51.898144;13-07-2017 17:18:00;9;19
0;St. Patricks St.;-8.47261531;51.89850471;13-07-2017 17:18:00;10;9
0;South Main St.;-8.47689553164735;51.89694605306899;13-07-2017 17:18:00;6;4
0;Grand Parade;-8.47536977381303;51.89748023175811;13-07-2017 17:18:00;11;5
0;Peace Park;-8.47347588279142;51.89619469926869;13-07-2017 17:18:00;12;6
0;South Gate Bridge;-8.47586514429047;51.89549439125871;13-07-2017 17:18:00;9;3
0;Coburg St.;-8.47056736;51.90155283;13-07-2017 17:18:00;12;16
0;Emmet Place;-8.47270466388061;51.90020812214529;13-07-2017 17:18:00;15;5
0;South Mall;-8.46989982762231;51.89683855516081;13-07-2017 17:18:00;13;15
0;College of Commerce;-8.469797;51.8953;13-07-2017 17:18:00;12;9
0;Father Mathew Statue;-8.4706278;51.89967344;13-07-2017 17:18:00;5;10
0;Cork School of Music;-8.46809252166047;51.89631707505499;13-07-2017 17:18:00;6;9
1;Brian Boru Bridge;-8.465153;51.900405;13-07-2017 17:18:00;0;0
0;Bus Station;-8.46695074;51.89951532;13-07-2017 17:18:00;7;13
0;Cork City Hall;-8.466;51.897;13-07-2017 17:18:00;4;9
0;Lower Glanmire Rd.;-8.46411816;51.90137057;13-07-2017 17:18:00;12;8
0;Clontarf Street;-8.46562933177544;51.89848186918711;13-07-2017 17:18:00;4;5
0;Kent Station;-8.45821512;51.90196195;13-07-2017 17:18:00;19;10
0;Gaol Walk;-8.494174;51.893604;13-07-2017 17:23:00;2;22
0;Fitzgerald's Park;-8.49341266;51.89555327;13-07-2017 17:23:00;8;4
0;Bandfield;-8.4891363;51.89580557;13-07-2017 17:23:00;11;21
0;Dyke Parade;-8.48458467;51.89718531;13-07-2017 17:23:00;9;1
0;Mercy Hospital;-8.48225676;51.89911495;13-07-2017 17:23:00;5;8
0;St. Fin Barre's Bridge;-8.48196155;51.89710212;13-07-2017 17:23:00;18;1
0;Pope's Quay;-8.477385;51.901632;13-07-2017 17:23:00;9;9
0;North Main St.;-8.47844005;51.89974733;13-07-2017 17:23:00;4;11
0;Grattan St.;-8.47977966;51.8984737;13-07-2017 17:23:00;4;5
0;Wandesford Quay;-8.48004;51.896492;13-07-2017 17:23:00;10;11
0;Bishop St.;-8.4790268;51.89468826;13-07-2017 17:23:00;7;7
0;Camden Quay;-8.473342;51.901054;13-07-2017 17:23:00;6;14
0;Corn Market St.;-8.477;51.9;13-07-2017 17:23:00;15;7
0;Lapp's Quay;-8.465735;51.898144;13-07-2017 17:23:00;9;19
0;St. Patricks St.;-8.47261531;51.89850471;13-07-2017 17:23:00;9;10
0;South Main St.;-8.47689553164735;51.89694605306899;13-07-2017 17:23:00;6;4
0;Grand Parade;-8.47536977381303;51.89748023175811;13-07-2017 17:23:00;11;5
0;Peace Park;-8.47347588279142;51.89619469926869;13-07-2017 17:23:00;12;6
0;South Gate Bridge;-8.47586514429047;51.89549439125871;13-07-2017 17:23:00;9;3
0;Coburg St.;-8.47056736;51.90155283;13-07-2017 17:23:00;13;15
0;Emmet Place;-8.47270466388061;51.90020812214529;13-07-2017 17:23:00;15;5
0;South Mall;-8.46989982762231;51.89683855516081;13-07-2017 17:23:00;12;16
0;College of Commerce;-8.469797;51.8953;13-07-2017 17:23:00;12;8
0;Father Mathew Statue;-8.4706278;51.89967344;13-07-2017 17:23:00;5;10
0;Cork School of Music;-8.46809252166047;51.89631707505499;13-07-2017 17:23:00;7;8
1;Brian Boru Bridge;-8.465153;51.900405;13-07-2017 17:23:00;0;0
0;Bus Station;-8.46695074;51.89951532;13-07-2017 17:23:00;7;13
0;Cork City Hall;-8.466;51.897;13-07-2017 17:23:00;3;10
0;Lower Glanmire Rd.;-8.46411816;51.90137057;13-07-2017 17:23:00;12;8
0;Clontarf Street;-8.46562933177544;51.89848186918711;13-07-2017 17:23:00;3;6
0;Kent Station;-8.45821512;51.90196195;13-07-2017 17:23:00;18;11
0;Gaol Walk;-8.494174;51.893604;13-07-2017 17:28:00;3;21
0;Fitzgerald's Park;-8.49341266;51.89555327;13-07-2017 17:28:00;7;5
0;Bandfield;-8.4891363;51.89580557;13-07-2017 17:28:00;11;21
0;Dyke Parade;-8.48458467;51.89718531;13-07-2017 17:28:00;9;1
0;Mercy Hospital;-8.48225676;51.89911495;13-07-2017 17:28:00;4;9
0;St. Fin Barre's Bridge;-8.48196155;51.89710212;13-07-2017 17:28:00;17;3
0;Pope's Quay;-8.477385;51.901632;13-07-2017 17:28:00;10;8
0;North Main St.;-8.47844005;51.89974733;13-07-2017 17:28:00;4;11
0;Grattan St.;-8.47977966;51.8984737;13-07-2017 17:28:00;4;5
0;Wandesford Quay;-8.48004;51.896492;13-07-2017 17:28:00;10;11
0;Bishop St.;-8.4790268;51.89468826;13-07-2017 17:28:00;7;7
0;Camden Quay;-8.473342;51.901054;13-07-2017 17:28:00;5;15
0;Corn Market St.;-8.477;51.9;13-07-2017 17:28:00;15;7
0;Lapp's Quay;-8.465735;51.898144;13-07-2017 17:28:00;9;19
0;St. Patricks St.;-8.47261531;51.89850471;13-07-2017 17:28:00;11;8
0;South Main St.;-8.47689553164735;51.89694605306899;13-07-2017 17:28:00;6;4
0;Grand Parade;-8.47536977381303;51.89748023175811;13-07-2017 17:28:00;10;6
0;Peace Park;-8.47347588279142;51.89619469926869;13-07-2017 17:28:00;11;7
0;South Gate Bridge;-8.47586514429047;51.89549439125871;13-07-2017 17:28:00;9;3
0;Coburg St.;-8.47056736;51.90155283;13-07-2017 17:28:00;13;15
0;Emmet Place;-8.47270466388061;51.90020812214529;13-07-2017 17:28:00;15;5
0;South Mall;-8.46989982762231;51.89683855516081;13-07-2017 17:28:00;12;16
0;College of Commerce;-8.469797;51.8953;13-07-2017 17:28:00;12;9
0;Father Mathew Statue;-8.4706278;51.89967344;13-07-2017 17:28:00;5;10
0;Cork School of Music;-8.46809252166047;51.89631707505499;13-07-2017 17:28:00;7;8
1;Brian Boru Bridge;-8.465153;51.900405;13-07-2017 17:28:00;0;0
0;Bus Station;-8.46695074;51.89951532;13-07-2017 17:28:00;8;12
0;Cork City Hall;-8.466;51.897;13-07-2017 17:28:00;2;11
0;Lower Glanmire Rd.;-8.46411816;51.90137057;13-07-2017 17:28:00;13;7
0;Clontarf Street;-8.46562933177544;51.89848186918711;13-07-2017 17:28:00;2;7
0;Kent Station;-8.45821512;51.90196195;13-07-2017 17:28:00;19;10
0;Gaol Walk;-8.494174;51.893604;13-07-2017 17:33:00;2;22
0;Fitzgerald's Park;-8.49341266;51.89555327;13-07-2017 17:33:00;5;7
0;Bandfield;-8.4891363;51.89580557;13-07-2017 17:33:00;11;21
0;Dyke Parade;-8.48458467;51.89718531;13-07-2017 17:33:00;9;1
0;Mercy Hospital;-8.48225676;51.89911495;13-07-2017 17:33:00;4;9
0;St. Fin Barre's Bridge;-8.48196155;51.89710212;13-07-2017 17:33:00;16;4
0;Pope's Quay;-8.477385;51.901632;13-07-2017 17:33:00;9;9
0;North Main St.;-8.47844005;51.89974733;13-07-2017 17:33:00;4;11
0;Grattan St.;-8.47977966;51.8984737;13-07-2017 17:33:00;4;5
0;Wandesford Quay;-8.48004;51.896492;13-07-2017 17:33:00;10;11
0;Bishop St.;-8.4790268;51.89468826;13-07-2017 17:33:00;6;8
0;Camden Quay;-8.473342;51.901054;13-07-2017 17:33:00;4;16
0;Corn Market St.;-8.477;51.9;13-07-2017 17:33:00;15;7
0;Lapp's Quay;-8.465735;51.898144;13-07-2017 17:33:00;8;20
0;St. Patricks St.;-8.47261531;51.89850471;13-07-2017 17:33:00;13;6
0;South Main St.;-8.47689553164735;51.89694605306899;13-07-2017 17:33:00;6;4
0;Grand Parade;-8.47536977381303;51.89748023175811;13-07-2017 17:33:00;10;6
0;Peace Park;-8.47347588279142;51.89619469926869;13-07-2017 17:33:00;11;7
0;South Gate Bridge;-8.47586514429047;51.89549439125871;13-07-2017 17:33:00;10;2
0;Coburg St.;-8.47056736;51.90155283;13-07-2017 17:33:00;13;15
0;Emmet Place;-8.47270466388061;51.90020812214529;13-07-2017 17:33:00;15;5
0;South Mall;-8.46989982762231;51.89683855516081;13-07-2017 17:33:00;11;17
0;College of Commerce;-8.469797;51.8953;13-07-2017 17:33:00;13;7
0;Father Mathew Statue;-8.4706278;51.89967344;13-07-2017 17:33:00;5;10
0;Cork School of Music;-8.46809252166047;51.89631707505499;13-07-2017 17:33:00;7;8
1;Brian Boru Bridge;-8.465153;51.900405;13-07-2017 17:33:00;0;0
0;Bus Station;-8.46695074;51.89951532;13-07-2017 17:33:00;9;11
0;Cork City Hall;-8.466;51.897;13-07-2017 17:33:00;2;11
0;Lower Glanmire Rd.;-8.46411816;51.90137057;13-07-2017 17:33:00;13;7
0;Clontarf Street;-8.46562933177544;51.89848186918711;13-07-2017 17:33:00;2;7
0;Kent Station;-8.45821512;51.90196195;13-07-2017 17:33:00;19;10
0;Gaol Walk;-8.494174;51.893604;13-07-2017 17:38:00;11;13
0;Fitzgerald's Park;-8.49341266;51.89555327;13-07-2017 17:38:00;6;6
0;Bandfield;-8.4891363;51.89580557;13-07-2017 17:38:00;12;20
0;Dyke Parade;-8.48458467;51.89718531;13-07-2017 17:38:00;7;3
0;Mercy Hospital;-8.48225676;51.89911495;13-07-2017 17:38:00;3;10
0;St. Fin Barre's Bridge;-8.48196155;51.89710212;13-07-2017 17:38:00;17;2
0;Pope's Quay;-8.477385;51.901632;13-07-2017 17:38:00;10;8
0;North Main St.;-8.47844005;51.89974733;13-07-2017 17:38:00;4;11
0;Grattan St.;-8.47977966;51.8984737;13-07-2017 17:38:00;4;5
0;Wandesford Quay;-8.48004;51.896492;13-07-2017 17:38:00;11;10
0;Bishop St.;-8.4790268;51.89468826;13-07-2017 17:38:00;7;7
0;Camden Quay;-8.473342;51.901054;13-07-2017 17:38:00;4;16
0;Corn Market St.;-8.477;51.9;13-07-2017 17:38:00;14;8
0;Lapp's Quay;-8.465735;51.898144;13-07-2017 17:38:00;7;21
0;St. Patricks St.;-8.47261531;51.89850471;13-07-2017 17:38:00;13;6
0;South Main St.;-8.47689553164735;51.89694605306899;13-07-2017 17:38:00;6;4
0;Grand Parade;-8.47536977381303;51.89748023175811;13-07-2017 17:38:00;8;8
0;Peace Park;-8.47347588279142;51.89619469926869;13-07-2017 17:38:00;13;5
0;South Gate Bridge;-8.47586514429047;51.89549439125871;13-07-2017 17:38:00;9;3
0;Coburg St.;-8.47056736;51.90155283;13-07-2017 17:38:00;13;15
0;Emmet Place;-8.47270466388061;51.90020812214529;13-07-2017 17:38:00;15;5
0;South Mall;-8.46989982762231;51.89683855516081;13-07-2017 17:38:00;11;17
0;College of Commerce;-8.469797;51.8953;13-07-2017 17:38:00;13;7
0;Father Mathew Statue;-8.4706278;51.89967344;13-07-2017 17:38:00;5;10
0;Cork School of Music;-8.46809252166047;51.89631707505499;13-07-2017 17:38:00;7;8
1;Brian Boru Bridge;-8.465153;51.900405;13-07-2017 17:38:00;0;0
0;Bus Station;-8.46695074;51.89951532;13-07-2017 17:38:00;8;12
0;Cork City Hall;-8.466;51.897;13-07-2017 17:38:00;2;11
0;Lower Glanmire Rd.;-8.46411816;51.90137057;13-07-2017 17:38:00;14;6
0;Clontarf Street;-8.46562933177544;51.89848186918711;13-07-2017 17:38:00;1;8
0;Kent Station;-8.45821512;51.90196195;13-07-2017 17:38:00;19;10
0;Gaol Walk;-8.494174;51.893604;13-07-2017 17:43:00;11;13
0;Fitzgerald's Park;-8.49341266;51.89555327;13-07-2017 17:43:00;9;3
0;Bandfield;-8.4891363;51.89580557;13-07-2017 17:43:00;11;21
0;Dyke Parade;-8.48458467;51.89718531;13-07-2017 17:43:00;7;3
0;Mercy Hospital;-8.48225676;51.89911495;13-07-2017 17:43:00;3;10
0;St. Fin Barre's Bridge;-8.48196155;51.89710212;13-07-2017 17:43:00;16;3
0;Pope's Quay;-8.477385;51.901632;13-07-2017 17:43:00;9;9
0;North Main St.;-8.47844005;51.89974733;13-07-2017 17:43:00;5;10
0;Grattan St.;-8.47977966;51.8984737;13-07-2017 17:43:00;4;5
0;Wandesford Quay;-8.48004;51.896492;13-07-2017 17:43:00;11;10
0;Bishop St.;-8.4790268;51.89468826;13-07-2017 17:43:00;7;7
0;Camden Quay;-8.473342;51.901054;13-07-2017 17:43:00;4;16
0;Corn Market St.;-8.477;51.9;13-07-2017 17:43:00;14;8
0;Lapp's Quay;-8.465735;51.898144;13-07-2017 17:43:00;7;21
0;St. Patricks St.;-8.47261531;51.89850471;13-07-2017 17:43:00;13;6
0;South Main St.;-8.47689553164735;51.89694605306899;13-07-2017 17:43:00;6;4
0;Grand Parade;-8.47536977381303;51.89748023175811;13-07-2017 17:43:00;9;7
0;Peace Park;-8.47347588279142;51.89619469926869;13-07-2017 17:43:00;13;5
0;South Gate Bridge;-8.47586514429047;51.89549439125871;13-07-2017 17:43:00;8;4
0;Coburg St.;-8.47056736;51.90155283;13-07-2017 17:43:00;13;15
0;Emmet Place;-8.47270466388061;51.90020812214529;13-07-2017 17:43:00;15;5
0;South Mall;-8.46989982762231;51.89683855516081;13-07-2017 17:43:00;11;17
0;College of Commerce;-8.469797;51.8953;13-07-2017 17:43:00;13;7
0;Father Mathew Statue;-8.4706278;51.89967344;13-07-2017 17:43:00;5;10
0;Cork School of Music;-8.46809252166047;51.89631707505499;13-07-2017 17:43:00;7;8
1;Brian Boru Bridge;-8.465153;51.900405;13-07-2017 17:43:00;0;0
0;Bus Station;-8.46695074;51.89951532;13-07-2017 17:43:00;7;13
0;Cork City Hall;-8.466;51.897;13-07-2017 17:43:00;2;11
0;Lower Glanmire Rd.;-8.46411816;51.90137057;13-07-2017 17:43:00;14;6
0;Clontarf Street;-8.46562933177544;51.89848186918711;13-07-2017 17:43:00;0;9
0;Kent Station;-8.45821512;51.90196195;13-07-2017 17:43:00;21;8
0;Gaol Walk;-8.494174;51.893604;13-07-2017 17:48:00;9;15
0;Fitzgerald's Park;-8.49341266;51.89555327;13-07-2017 17:48:00;11;1
0;Bandfield;-8.4891363;51.89580557;13-07-2017 17:48:00;10;22
0;Dyke Parade;-8.48458467;51.89718531;13-07-2017 17:48:00;7;3
0;Mercy Hospital;-8.48225676;51.89911495;13-07-2017 17:48:00;3;10
0;St. Fin Barre's Bridge;-8.48196155;51.89710212;13-07-2017 17:48:00;16;3
0;Pope's Quay;-8.477385;51.901632;13-07-2017 17:48:00;9;9
0;North Main St.;-8.47844005;51.89974733;13-07-2017 17:48:00;5;10
0;Grattan St.;-8.47977966;51.8984737;13-07-2017 17:48:00;4;5
0;Wandesford Quay;-8.48004;51.896492;13-07-2017 17:48:00;12;9
0;Bishop St.;-8.4790268;51.89468826;13-07-2017 17:48:00;7;7
0;Camden Quay;-8.473342;51.901054;13-07-2017 17:48:00;4;16
0;Corn Market St.;-8.477;51.9;13-07-2017 17:48:00;15;7
0;Lapp's Quay;-8.465735;51.898144;13-07-2017 17:48:00;7;21
0;St. Patricks St.;-8.47261531;51.89850471;13-07-2017 17:48:00;13;6
0;South Main St.;-8.47689553164735;51.89694605306899;13-07-2017 17:48:00;5;5
0;Grand Parade;-8.47536977381303;51.89748023175811;13-07-2017 17:48:00;8;8
0;Peace Park;-8.47347588279142;51.89619469926869;13-07-2017 17:48:00;13;5
0;South Gate Bridge;-8.47586514429047;51.89549439125871;13-07-2017 17:48:00;8;4
0;Coburg St.;-8.47056736;51.90155283;13-07-2017 17:48:00;15;13
0;Emmet Place;-8.47270466388061;51.90020812214529;13-07-2017 17:48:00;15;5
0;South Mall;-8.46989982762231;51.89683855516081;13-07-2017 17:48:00;10;18
0;College of Commerce;-8.469797;51.8953;13-07-2017 17:48:00;13;7
0;Father Mathew Statue;-8.4706278;51.89967344;13-07-2017 17:48:00;5;10
0;Cork School of Music;-8.46809252166047;51.89631707505499;13-07-2017 17:48:00;7;8
1;Brian Boru Bridge;-8.465153;51.900405;13-07-2017 17:48:00;0;0
0;Bus Station;-8.46695074;51.89951532;13-07-2017 17:48:00;7;13
0;Cork City Hall;-8.466;51.897;13-07-2017 17:48:00;2;11
0;Lower Glanmire Rd.;-8.46411816;51.90137057;13-07-2017 17:48:00;14;6
0;Clontarf Street;-8.46562933177544;51.89848186918711;13-07-2017 17:48:00;1;8
0;Kent Station;-8.45821512;51.90196195;13-07-2017 17:48:00;21;8
0;Gaol Walk;-8.494174;51.893604;13-07-2017 17:53:00;7;17
0;Fitzgerald's Park;-8.49341266;51.89555327;13-07-2017 17:53:00;13;0
0;Bandfield;-8.4891363;51.89580557;13-07-2017 17:53:00;10;22
0;Dyke Parade;-8.48458467;51.89718531;13-07-2017 17:53:00;6;4
0;Mercy Hospital;-8.48225676;51.89911495;13-07-2017 17:53:00;3;10
0;St. Fin Barre's Bridge;-8.48196155;51.89710212;13-07-2017 17:53:00;15;4
0;Pope's Quay;-8.477385;51.901632;13-07-2017 17:53:00;9;9
0;North Main St.;-8.47844005;51.89974733;13-07-2017 17:53:00;5;10
0;Grattan St.;-8.47977966;51.8984737;13-07-2017 17:53:00;4;5
0;Wandesford Quay;-8.48004;51.896492;13-07-2017 17:53:00;12;9
0;Bishop St.;-8.4790268;51.89468826;13-07-2017 17:53:00;8;6
0;Camden Quay;-8.473342;51.901054;13-07-2017 17:53:00;2;18
0;Corn Market St.;-8.477;51.9;13-07-2017 17:53:00;15;7
0;Lapp's Quay;-8.465735;51.898144;13-07-2017 17:53:00;7;21
0;St. Patricks St.;-8.47261531;51.89850471;13-07-2017 17:53:00;13;6
0;South Main St.;-8.47689553164735;51.89694605306899;13-07-2017 17:53:00;4;6
0;Grand Parade;-8.47536977381303;51.89748023175811;13-07-2017 17:53:00;6;10
0;Peace Park;-8.47347588279142;51.89619469926869;13-07-2017 17:53:00;13;5
0;South Gate Bridge;-8.47586514429047;51.89549439125871;13-07-2017 17:53:00;8;4
0;Coburg St.;-8.47056736;51.90155283;13-07-2017 17:53:00;15;13
0;Emmet Place;-8.47270466388061;51.90020812214529;13-07-2017 17:53:00;15;5
0;South Mall;-8.46989982762231;51.89683855516081;13-07-2017 17:53:00;9;19
0;College of Commerce;-8.469797;51.8953;13-07-2017 17:53:00;14;6
0;Father Mathew Statue;-8.4706278;51.89967344;13-07-2017 17:53:00;6;9
0;Cork School of Music;-8.46809252166047;51.89631707505499;13-07-2017 17:53:00;7;8
1;Brian Boru Bridge;-8.465153;51.900405;13-07-2017 17:53:00;0;0
0;Bus Station;-8.46695074;51.89951532;13-07-2017 17:53:00;8;12
0;Cork City Hall;-8.466;51.897;13-07-2017 17:53:00;3;10
0;Lower Glanmire Rd.;-8.46411816;51.90137057;13-07-2017 17:53:00;14;6
0;Clontarf Street;-8.46562933177544;51.89848186918711;13-07-2017 17:53:00;1;8
0;Kent Station;-8.45821512;51.90196195;13-07-2017 17:53:00;21;8
0;Gaol Walk;-8.494174;51.893604;13-07-2017 17:58:00;7;17
0;Fitzgerald's Park;-8.49341266;51.89555327;13-07-2017 17:58:00;13;0
0;Bandfield;-8.4891363;51.89580557;13-07-2017 17:58:00;9;23
0;Dyke Parade;-8.48458467;51.89718531;13-07-2017 17:58:00;7;3
0;Mercy Hospital;-8.48225676;51.89911495;13-07-2017 17:58:00;3;10
0;St. Fin Barre's Bridge;-8.48196155;51.89710212;13-07-2017 17:58:00;18;1
0;Pope's Quay;-8.477385;51.901632;13-07-2017 17:58:00;9;9
0;North Main St.;-8.47844005;51.89974733;13-07-2017 17:58:00;5;10
0;Grattan St.;-8.47977966;51.8984737;13-07-2017 17:58:00;3;6
0;Wandesford Quay;-8.48004;51.896492;13-07-2017 17:58:00;12;9
0;Bishop St.;-8.4790268;51.89468826;13-07-2017 17:58:00;8;6
0;Camden Quay;-8.473342;51.901054;13-07-2017 17:58:00;1;19
0;Corn Market St.;-8.477;51.9;13-07-2017 17:58:00;15;7
0;Lapp's Quay;-8.465735;51.898144;13-07-2017 17:58:00;7;21
0;St. Patricks St.;-8.47261531;51.89850471;13-07-2017 17:58:00;13;6
0;South Main St.;-8.47689553164735;51.89694605306899;13-07-2017 17:58:00;4;6
0;Grand Parade;-8.47536977381303;51.89748023175811;13-07-2017 17:58:00;6;10
0;Peace Park;-8.47347588279142;51.89619469926869;13-07-2017 17:58:00;13;5
0;South Gate Bridge;-8.47586514429047;51.89549439125871;13-07-2017 17:58:00;3;9
0;Coburg St.;-8.47056736;51.90155283;13-07-2017 17:58:00;15;13
0;Emmet Place;-8.47270466388061;51.90020812214529;13-07-2017 17:58:00;14;6
0;South Mall;-8.46989982762231;51.89683855516081;13-07-2017 17:58:00;9;19
0;College of Commerce;-8.469797;51.8953;13-07-2017 17:58:00;15;5
0;Father Mathew Statue;-8.4706278;51.89967344;13-07-2017 17:58:00;6;9
0;Cork School of Music;-8.46809252166047;51.89631707505499;13-07-2017 17:58:00;7;8
1;Brian Boru Bridge;-8.465153;51.900405;13-07-2017 17:58:00;0;0
0;Bus Station;-8.46695074;51.89951532;13-07-2017 17:58:00;9;11
0;Cork City Hall;-8.466;51.897;13-07-2017 17:58:00;3;10
0;Lower Glanmire Rd.;-8.46411816;51.90137057;13-07-2017 17:58:00;13;7
0;Clontarf Street;-8.46562933177544;51.89848186918711;13-07-2017 17:58:00;1;8
0;Kent Station;-8.45821512;51.90196195;13-07-2017 17:58:00;18;11
0;Gaol Walk;-8.494174;51.893604;13-07-2017 18:03:00;7;17
0;Fitzgerald's Park;-8.49341266;51.89555327;13-07-2017 18:03:00;10;2
0;Bandfield;-8.4891363;51.89580557;13-07-2017 18:03:00;9;23
0;Dyke Parade;-8.48458467;51.89718531;13-07-2017 18:03:00;6;4
0;Mercy Hospital;-8.48225676;51.89911495;13-07-2017 18:03:00;3;10
0;St. Fin Barre's Bridge;-8.48196155;51.89710212;13-07-2017 18:03:00;18;1
0;Pope's Quay;-8.477385;51.901632;13-07-2017 18:03:00;9;9
0;North Main St.;-8.47844005;51.89974733;13-07-2017 18:03:00;4;11
0;Grattan St.;-8.47977966;51.8984737;13-07-2017 18:03:00;3;6
0;Wandesford Quay;-8.48004;51.896492;13-07-2017 18:03:00;12;9
0;Bishop St.;-8.4790268;51.89468826;13-07-2017 18:03:00;8;6
0;Camden Quay;-8.473342;51.901054;13-07-2017 18:03:00;1;19
0;Corn Market St.;-8.477;51.9;13-07-2017 18:03:00;15;7
0;Lapp's Quay;-8.465735;51.898144;13-07-2017 18:03:00;7;21
0;St. Patricks St.;-8.47261531;51.89850471;13-07-2017 18:03:00;12;7
0;South Main St.;-8.47689553164735;51.89694605306899;13-07-2017 18:03:00;4;6
0;Grand Parade;-8.47536977381303;51.89748023175811;13-07-2017 18:03:00;4;12
0;Peace Park;-8.47347588279142;51.89619469926869;13-07-2017 18:03:00;13;5
0;South Gate Bridge;-8.47586514429047;51.89549439125871;13-07-2017 18:03:00;3;9
0;Coburg St.;-8.47056736;51.90155283;13-07-2017 18:03:00;16;12
0;Emmet Place;-8.47270466388061;51.90020812214529;13-07-2017 18:03:00;16;4
0;South Mall;-8.46989982762231;51.89683855516081;13-07-2017 18:03:00;9;19
0;College of Commerce;-8.469797;51.8953;13-07-2017 18:03:00;15;5
0;Father Mathew Statue;-8.4706278;51.89967344;13-07-2017 18:03:00;6;9
0;Cork School of Music;-8.46809252166047;51.89631707505499;13-07-2017 18:03:00;7;8
1;Brian Boru Bridge;-8.465153;51.900405;13-07-2017 18:03:00;0;0
0;Bus Station;-8.46695074;51.89951532;13-07-2017 18:03:00;9;11
0;Cork City Hall;-8.466;51.897;13-07-2017 18:03:00;3;10
0;Lower Glanmire Rd.;-8.46411816;51.90137057;13-07-2017 18:03:00;15;5
0;Clontarf Street;-8.46562933177544;51.89848186918711;13-07-2017 18:03:00;1;8
0;Kent Station;-8.45821512;51.90196195;13-07-2017 18:03:00;20;9
0;Gaol Walk;-8.494174;51.893604;13-07-2017 18:08:00;8;16
0;Fitzgerald's Park;-8.49341266;51.89555327;13-07-2017 18:08:00;13;0
0;Bandfield;-8.4891363;51.89580557;13-07-2017 18:08:00;9;23
0;Dyke Parade;-8.48458467;51.89718531;13-07-2017 18:08:00;6;4
0;Mercy Hospital;-8.48225676;51.89911495;13-07-2017 18:08:00;4;9
0;St. Fin Barre's Bridge;-8.48196155;51.89710212;13-07-2017 18:08:00;18;1
0;Pope's Quay;-8.477385;51.901632;13-07-2017 18:08:00;9;9
0;North Main St.;-8.47844005;51.89974733;13-07-2017 18:08:00;4;11
0;Grattan St.;-8.47977966;51.8984737;13-07-2017 18:08:00;3;6
0;Wandesford Quay;-8.48004;51.896492;13-07-2017 18:08:00;12;9
0;Bishop St.;-8.4790268;51.89468826;13-07-2017 18:08:00;7;7
0;Camden Quay;-8.473342;51.901054;13-07-2017 18:08:00;1;19
0;Corn Market St.;-8.477;51.9;13-07-2017 18:08:00;15;7
0;Lapp's Quay;-8.465735;51.898144;13-07-2017 18:08:00;7;21
0;St. Patricks St.;-8.47261531;51.89850471;13-07-2017 18:08:00;13;6
0;South Main St.;-8.47689553164735;51.89694605306899;13-07-2017 18:08:00;4;6
0;Grand Parade;-8.47536977381303;51.89748023175811;13-07-2017 18:08:00;4;12
0;Peace Park;-8.47347588279142;51.89619469926869;13-07-2017 18:08:00;14;4
0;South Gate Bridge;-8.47586514429047;51.89549439125871;13-07-2017 18:08:00;3;9
0;Coburg St.;-8.47056736;51.90155283;13-07-2017 18:08:00;16;12
0;Emmet Place;-8.47270466388061;51.90020812214529;13-07-2017 18:08:00;17;3
0;South Mall;-8.46989982762231;51.89683855516081;13-07-2017 18:08:00;9;19
0;College of Commerce;-8.469797;51.8953;13-07-2017 18:08:00;15;5
0;Father Mathew Statue;-8.4706278;51.89967344;13-07-2017 18:08:00;7;8
0;Cork School of Music;-8.46809252166047;51.89631707505499;13-07-2017 18:08:00;7;8
1;Brian Boru Bridge;-8.465153;51.900405;13-07-2017 18:08:00;0;0
0;Bus Station;-8.46695074;51.89951532;13-07-2017 18:08:00;8;12
0;Cork City Hall;-8.466;51.897;13-07-2017 18:08:00;2;11
0;Lower Glanmire Rd.;-8.46411816;51.90137057;13-07-2017 18:08:00;16;4
0;Clontarf Street;-8.46562933177544;51.89848186918711;13-07-2017 18:08:00;1;8
0;Kent Station;-8.45821512;51.90196195;13-07-2017 18:08:00;19;10
0;Gaol Walk;-8.494174;51.893604;13-07-2017 18:13:00;10;14
0;Fitzgerald's Park;-8.49341266;51.89555327;13-07-2017 18:13:00;13;0
0;Bandfield;-8.4891363;51.89580557;13-07-2017 18:13:00;9;23
0;Dyke Parade;-8.48458467;51.89718531;13-07-2017 18:13:00;4;6
0;Mercy Hospital;-8.48225676;51.89911495;13-07-2017 18:13:00;4;9
0;St. Fin Barre's Bridge;-8.48196155;51.89710212;13-07-2017 18:13:00;17;2
0;Pope's Quay;-8.477385;51.901632;13-07-2017 18:13:00;9;9
0;North Main St.;-8.47844005;51.89974733;13-07-2017 18:13:00;4;11
0;Grattan St.;-8.47977966;51.8984737;13-07-2017 18:13:00;3;6
0;Wandesford Quay;-8.48004;51.896492;13-07-2017 18:13:00;12;9
0;Bishop St.;-8.4790268;51.89468826;13-07-2017 18:13:00;7;7
0;Camden Quay;-8.473342;51.901054;13-07-2017 18:13:00;1;19
0;Corn Market St.;-8.477;51.9;13-07-2017 18:13:00;15;7
0;Lapp's Quay;-8.465735;51.898144;13-07-2017 18:13:00;6;22
0;St. Patricks St.;-8.47261531;51.89850471;13-07-2017 18:13:00;13;6
0;South Main St.;-8.47689553164735;51.89694605306899;13-07-2017 18:13:00;4;6
0;Grand Parade;-8.47536977381303;51.89748023175811;13-07-2017 18:13:00;3;13
0;Peace Park;-8.47347588279142;51.89619469926869;13-07-2017 18:13:00;14;4
0;South Gate Bridge;-8.47586514429047;51.89549439125871;13-07-2017 18:13:00;3;9
0;Coburg St.;-8.47056736;51.90155283;13-07-2017 18:13:00;16;12
0;Emmet Place;-8.47270466388061;51.90020812214529;13-07-2017 18:13:00;17;3
0;South Mall;-8.46989982762231;51.89683855516081;13-07-2017 18:13:00;10;18
0;College of Commerce;-8.469797;51.8953;13-07-2017 18:13:00;17;3
0;Father Mathew Statue;-8.4706278;51.89967344;13-07-2017 18:13:00;6;9
0;Cork School of Music;-8.46809252166047;51.89631707505499;13-07-2017 18:13:00;7;8
1;Brian Boru Bridge;-8.465153;51.900405;13-07-2017 18:13:00;0;0
0;Bus Station;-8.46695074;51.89951532;13-07-2017 18:13:00;8;12
0;Cork City Hall;-8.466;51.897;13-07-2017 18:13:00;2;11
0;Lower Glanmire Rd.;-8.46411816;51.90137057;13-07-2017 18:13:00;16;4
0;Clontarf Street;-8.46562933177544;51.89848186918711;13-07-2017 18:13:00;1;8
0;Kent Station;-8.45821512;51.90196195;13-07-2017 18:13:00;18;11
0;Gaol Walk;-8.494174;51.893604;13-07-2017 18:18:00;10;14
0;Fitzgerald's Park;-8.49341266;51.89555327;13-07-2017 18:18:00;12;0
0;Bandfield;-8.4891363;51.89580557;13-07-2017 18:18:00;9;23
0;Dyke Parade;-8.48458467;51.89718531;13-07-2017 18:18:00;4;6
0;Mercy Hospital;-8.48225676;51.89911495;13-07-2017 18:18:00;5;8
0;St. Fin Barre's Bridge;-8.48196155;51.89710212;13-07-2017 18:18:00;16;3
0;Pope's Quay;-8.477385;51.901632;13-07-2017 18:18:00;9;9
0;North Main St.;-8.47844005;51.89974733;13-07-2017 18:18:00;4;11
0;Grattan St.;-8.47977966;51.8984737;13-07-2017 18:18:00;3;6
0;Wandesford Quay;-8.48004;51.896492;13-07-2017 18:18:00;12;9
0;Bishop St.;-8.4790268;51.89468826;13-07-2017 18:18:00;7;7
0;Camden Quay;-8.473342;51.901054;13-07-2017 18:18:00;1;19
0;Corn Market St.;-8.477;51.9;13-07-2017 18:18:00;15;7
0;Lapp's Quay;-8.465735;51.898144;13-07-2017 18:18:00;6;22
0;St. Patricks St.;-8.47261531;51.89850471;13-07-2017 18:18:00;12;7
0;South Main St.;-8.47689553164735;51.89694605306899;13-07-2017 18:18:00;4;6
0;Grand Parade;-8.47536977381303;51.89748023175811;13-07-2017 18:18:00;4;12
0;Peace Park;-8.47347588279142;51.89619469926869;13-07-2017 18:18:00;14;4
0;South Gate Bridge;-8.47586514429047;51.89549439125871;13-07-2017 18:18:00;3;9
0;Coburg St.;-8.47056736;51.90155283;13-07-2017 18:18:00;15;13
0;Emmet Place;-8.47270466388061;51.90020812214529;13-07-2017 18:18:00;18;2
0;South Mall;-8.46989982762231;51.89683855516081;13-07-2017 18:18:00;11;17
0;College of Commerce;-8.469797;51.8953;13-07-2017 18:18:00;17;3
0;Father Mathew Statue;-8.4706278;51.89967344;13-07-2017 18:18:00;7;8
0;Cork School of Music;-8.46809252166047;51.89631707505499;13-07-2017 18:18:00;6;9
1;Brian Boru Bridge;-8.465153;51.900405;13-07-2017 18:18:00;0;0
0;Bus Station;-8.46695074;51.89951532;13-07-2017 18:18:00;8;12
0;Cork City Hall;-8.466;51.897;13-07-2017 18:18:00;3;10
0;Lower Glanmire Rd.;-8.46411816;51.90137057;13-07-2017 18:18:00;16;4
0;Clontarf Street;-8.46562933177544;51.89848186918711;13-07-2017 18:18:00;1;8
0;Kent Station;-8.45821512;51.90196195;13-07-2017 18:18:00;19;10
0;Gaol Walk;-8.494174;51.893604;13-07-2017 18:23:00;10;14
0;Fitzgerald's Park;-8.49341266;51.89555327;13-07-2017 18:23:00;11;1
0;Bandfield;-8.4891363;51.89580557;13-07-2017 18:23:00;9;23
0;Dyke Parade;-8.48458467;51.89718531;13-07-2017 18:23:00;4;6
0;Mercy Hospital;-8.48225676;51.89911495;13-07-2017 18:23:00;5;8
0;St. Fin Barre's Bridge;-8.48196155;51.89710212;13-07-2017 18:23:00;16;3
0;Pope's Quay;-8.477385;51.901632;13-07-2017 18:23:00;8;10
0;North Main St.;-8.47844005;51.89974733;13-07-2017 18:23:00;4;11
0;Grattan St.;-8.47977966;51.8984737;13-07-2017 18:23:00;3;6
0;Wandesford Quay;-8.48004;51.896492;13-07-2017 18:23:00;12;9
0;Bishop St.;-8.4790268;51.89468826;13-07-2017 18:23:00;7;7
0;Camden Quay;-8.473342;51.901054;13-07-2017 18:23:00;1;19
0;Corn Market St.;-8.477;51.9;13-07-2017 18:23:00;15;7
0;Lapp's Quay;-8.465735;51.898144;13-07-2017 18:23:00;6;22
0;St. Patricks St.;-8.47261531;51.89850471;13-07-2017 18:23:00;12;7
0;South Main St.;-8.47689553164735;51.89694605306899;13-07-2017 18:23:00;4;6
0;Grand Parade;-8.47536977381303;51.89748023175811;13-07-2017 18:23:00;2;14
0;Peace Park;-8.47347588279142;51.89619469926869;13-07-2017 18:23:00;12;6
0;South Gate Bridge;-8.47586514429047;51.89549439125871;13-07-2017 18:23:00;3;9
0;Coburg St.;-8.47056736;51.90155283;13-07-2017 18:23:00;15;13
0;Emmet Place;-8.47270466388061;51.90020812214529;13-07-2017 18:23:00;17;3
0;South Mall;-8.46989982762231;51.89683855516081;13-07-2017 18:23:00;12;16
0;College of Commerce;-8.469797;51.8953;13-07-2017 18:23:00;19;1
0;Father Mathew Statue;-8.4706278;51.89967344;13-07-2017 18:23:00;8;7
0;Cork School of Music;-8.46809252166047;51.89631707505499;13-07-2017 18:23:00;6;9
1;Brian Boru Bridge;-8.465153;51.900405;13-07-2017 18:23:00;0;0
0;Bus Station;-8.46695074;51.89951532;13-07-2017 18:23:00;8;12
0;Cork City Hall;-8.466;51.897;13-07-2017 18:23:00;3;10
0;Lower Glanmire Rd.;-8.46411816;51.90137057;13-07-2017 18:23:00;16;4
0;Clontarf Street;-8.46562933177544;51.89848186918711;13-07-2017 18:23:00;1;8
0;Kent Station;-8.45821512;51.90196195;13-07-2017 18:23:00;18;11
0;Gaol Walk;-8.494174;51.893604;13-07-2017 18:28:00;11;13
0;Fitzgerald's Park;-8.49341266;51.89555327;13-07-2017 18:28:00;11;1
0;Bandfield;-8.4891363;51.89580557;13-07-2017 18:28:00;9;23
0;Dyke Parade;-8.48458467;51.89718531;13-07-2017 18:28:00;4;6
0;Mercy Hospital;-8.48225676;51.89911495;13-07-2017 18:28:00;5;8
0;St. Fin Barre's Bridge;-8.48196155;51.89710212;13-07-2017 18:28:00;18;1
0;Pope's Quay;-8.477385;51.901632;13-07-2017 18:28:00;9;9
0;North Main St.;-8.47844005;51.89974733;13-07-2017 18:28:00;4;11
0;Grattan St.;-8.47977966;51.8984737;13-07-2017 18:28:00;3;6
0;Wandesford Quay;-8.48004;51.896492;13-07-2017 18:28:00;12;9
0;Bishop St.;-8.4790268;51.89468826;13-07-2017 18:28:00;7;7
0;Camden Quay;-8.473342;51.901054;13-07-2017 18:28:00;2;18
0;Corn Market St.;-8.477;51.9;13-07-2017 18:28:00;15;7
0;Lapp's Quay;-8.465735;51.898144;13-07-2017 18:28:00;6;22
0;St. Patricks St.;-8.47261531;51.89850471;13-07-2017 18:28:00;13;6
0;South Main St.;-8.47689553164735;51.89694605306899;13-07-2017 18:28:00;4;6
0;Grand Parade;-8.47536977381303;51.89748023175811;13-07-2017 18:28:00;2;14
0;Peace Park;-8.47347588279142;51.89619469926869;13-07-2017 18:28:00;12;6
0;South Gate Bridge;-8.47586514429047;51.89549439125871;13-07-2017 18:28:00;4;8
0;Coburg St.;-8.47056736;51.90155283;13-07-2017 18:28:00;15;13
0;Emmet Place;-8.47270466388061;51.90020812214529;13-07-2017 18:28:00;17;3
0;South Mall;-8.46989982762231;51.89683855516081;13-07-2017 18:28:00;12;16
0;College of Commerce;-8.469797;51.8953;13-07-2017 18:28:00;18;2
0;Father Mathew Statue;-8.4706278;51.89967344;13-07-2017 18:28:00;8;7
0;Cork School of Music;-8.46809252166047;51.89631707505499;13-07-2017 18:28:00;6;9
1;Brian Boru Bridge;-8.465153;51.900405;13-07-2017 18:28:00;0;0
0;Bus Station;-8.46695074;51.89951532;13-07-2017 18:28:00;9;11
0;Cork City Hall;-8.466;51.897;13-07-2017 18:28:00;4;9
0;Lower Glanmire Rd.;-8.46411816;51.90137057;13-07-2017 18:28:00;17;3
0;Clontarf Street;-8.46562933177544;51.89848186918711;13-07-2017 18:28:00;1;8
0;Kent Station;-8.45821512;51.90196195;13-07-2017 18:28:00;19;10
0;Gaol Walk;-8.494174;51.893604;13-07-2017 18:33:00;11;13
0;Fitzgerald's Park;-8.49341266;51.89555327;13-07-2017 18:33:00;11;1
0;Bandfield;-8.4891363;51.89580557;13-07-2017 18:33:00;9;23
0;Dyke Parade;-8.48458467;51.89718531;13-07-2017 18:33:00;4;6
0;Mercy Hospital;-8.48225676;51.89911495;13-07-2017 18:33:00;4;9
0;St. Fin Barre's Bridge;-8.48196155;51.89710212;13-07-2017 18:33:00;18;1
0;Pope's Quay;-8.477385;51.901632;13-07-2017 18:33:00;10;8
0;North Main St.;-8.47844005;51.89974733;13-07-2017 18:33:00;4;11
0;Grattan St.;-8.47977966;51.8984737;13-07-2017 18:33:00;3;6
0;Wandesford Quay;-8.48004;51.896492;13-07-2017 18:33:00;12;9
0;Bishop St.;-8.4790268;51.89468826;13-07-2017 18:33:00;7;7
0;Camden Quay;-8.473342;51.901054;13-07-2017 18:33:00;2;18
0;Corn Market St.;-8.477;51.9;13-07-2017 18:33:00;15;7
0;Lapp's Quay;-8.465735;51.898144;13-07-2017 18:33:00;6;22
0;St. Patricks St.;-8.47261531;51.89850471;13-07-2017 18:33:00;13;6
0;South Main St.;-8.47689553164735;51.89694605306899;13-07-2017 18:33:00;4;6
0;Grand Parade;-8.47536977381303;51.89748023175811;13-07-2017 18:33:00;2;14
0;Peace Park;-8.47347588279142;51.89619469926869;13-07-2017 18:33:00;12;6
0;South Gate Bridge;-8.47586514429047;51.89549439125871;13-07-2017 18:33:00;4;8
0;Coburg St.;-8.47056736;51.90155283;13-07-2017 18:33:00;15;13
0;Emmet Place;-8.47270466388061;51.90020812214529;13-07-2017 18:33:00;18;2
0;South Mall;-8.46989982762231;51.89683855516081;13-07-2017 18:33:00;10;18
0;College of Commerce;-8.469797;51.8953;13-07-2017 18:33:00;18;2
0;Father Mathew Statue;-8.4706278;51.89967344;13-07-2017 18:33:00;8;7
0;Cork School of Music;-8.46809252166047;51.89631707505499;13-07-2017 18:33:00;6;9
1;Brian Boru Bridge;-8.465153;51.900405;13-07-2017 18:33:00;0;0
0;Bus Station;-8.46695074;51.89951532;13-07-2017 18:33:00;9;11
0;Cork City Hall;-8.466;51.897;13-07-2017 18:33:00;4;9
0;Lower Glanmire Rd.;-8.46411816;51.90137057;13-07-2017 18:33:00;17;3
0;Clontarf Street;-8.46562933177544;51.89848186918711;13-07-2017 18:33:00;1;8
0;Kent Station;-8.45821512;51.90196195;13-07-2017 18:33:00;19;10
0;Gaol Walk;-8.494174;51.893604;13-07-2017 18:38:00;11;13
0;Fitzgerald's Park;-8.49341266;51.89555327;13-07-2017 18:38:00;13;0
0;Bandfield;-8.4891363;51.89580557;13-07-2017 18:38:00;9;23
0;Dyke Parade;-8.48458467;51.89718531;13-07-2017 18:38:00;3;7
0;Mercy Hospital;-8.48225676;51.89911495;13-07-2017 18:38:00;4;9
0;St. Fin Barre's Bridge;-8.48196155;51.89710212;13-07-2017 18:38:00;17;2
0;Pope's Quay;-8.477385;51.901632;13-07-2017 18:38:00;9;9
0;North Main St.;-8.47844005;51.89974733;13-07-2017 18:38:00;4;11
0;Grattan St.;-8.47977966;51.8984737;13-07-2017 18:38:00;4;5
0;Wandesford Quay;-8.48004;51.896492;13-07-2017 18:38:00;12;9
0;Bishop St.;-8.4790268;51.89468826;13-07-2017 18:38:00;7;7
0;Camden Quay;-8.473342;51.901054;13-07-2017 18:38:00;3;17
0;Corn Market St.;-8.477;51.9;13-07-2017 18:38:00;15;7
0;Lapp's Quay;-8.465735;51.898144;13-07-2017 18:38:00;6;22
0;St. Patricks St.;-8.47261531;51.89850471;13-07-2017 18:38:00;13;6
0;South Main St.;-8.47689553164735;51.89694605306899;13-07-2017 18:38:00;4;6
0;Grand Parade;-8.47536977381303;51.89748023175811;13-07-2017 18:38:00;0;16
0;Peace Park;-8.47347588279142;51.89619469926869;13-07-2017 18:38:00;12;6
0;South Gate Bridge;-8.47586514429047;51.89549439125871;13-07-2017 18:38:00;4;8
0;Coburg St.;-8.47056736;51.90155283;13-07-2017 18:38:00;15;13
0;Emmet Place;-8.47270466388061;51.90020812214529;13-07-2017 18:38:00;18;2
0;South Mall;-8.46989982762231;51.89683855516081;13-07-2017 18:38:00;10;18
0;College of Commerce;-8.469797;51.8953;13-07-2017 18:38:00;18;2
0;Father Mathew Statue;-8.4706278;51.89967344;13-07-2017 18:38:00;8;7
0;Cork School of Music;-8.46809252166047;51.89631707505499;13-07-2017 18:38:00;6;9
1;Brian Boru Bridge;-8.465153;51.900405;13-07-2017 18:38:00;0;0
0;Bus Station;-8.46695074;51.89951532;13-07-2017 18:38:00;9;11
0;Cork City Hall;-8.466;51.897;13-07-2017 18:38:00;3;10
0;Lower Glanmire Rd.;-8.46411816;51.90137057;13-07-2017 18:38:00;17;3
0;Clontarf Street;-8.46562933177544;51.89848186918711;13-07-2017 18:38:00;1;8
0;Kent Station;-8.45821512;51.90196195;13-07-2017 18:38:00;20;9
0;Gaol Walk;-8.494174;51.893604;13-07-2017 18:43:00;10;14
0;Fitzgerald's Park;-8.49341266;51.89555327;13-07-2017 18:43:00;13;0
0;Bandfield;-8.4891363;51.89580557;13-07-2017 18:43:00;10;22
0;Dyke Parade;-8.48458467;51.89718531;13-07-2017 18:43:00;4;6
0;Mercy Hospital;-8.48225676;51.89911495;13-07-2017 18:43:00;4;9
0;St. Fin Barre's Bridge;-8.48196155;51.89710212;13-07-2017 18:43:00;16;3
0;Pope's Quay;-8.477385;51.901632;13-07-2017 18:43:00;12;6
0;North Main St.;-8.47844005;51.89974733;13-07-2017 18:43:00;4;11
0;Grattan St.;-8.47977966;51.8984737;13-07-2017 18:43:00;4;5
0;Wandesford Quay;-8.48004;51.896492;13-07-2017 18:43:00;12;9
0;Bishop St.;-8.4790268;51.89468826;13-07-2017 18:43:00;7;7
0;Camden Quay;-8.473342;51.901054;13-07-2017 18:43:00;3;17
0;Corn Market St.;-8.477;51.9;13-07-2017 18:43:00;15;7
0;Lapp's Quay;-8.465735;51.898144;13-07-2017 18:43:00;6;22
0;St. Patricks St.;-8.47261531;51.89850471;13-07-2017 18:43:00;12;7
0;South Main St.;-8.47689553164735;51.89694605306899;13-07-2017 18:43:00;4;6
0;Grand Parade;-8.47536977381303;51.89748023175811;13-07-2017 18:43:00;0;16
0;Peace Park;-8.47347588279142;51.89619469926869;13-07-2017 18:43:00;11;7
0;South Gate Bridge;-8.47586514429047;51.89549439125871;13-07-2017 18:43:00;4;8
0;Coburg St.;-8.47056736;51.90155283;13-07-2017 18:43:00;15;13
0;Emmet Place;-8.47270466388061;51.90020812214529;13-07-2017 18:43:00;17;3
0;South Mall;-8.46989982762231;51.89683855516081;13-07-2017 18:43:00;10;18
0;College of Commerce;-8.469797;51.8953;13-07-2017 18:43:00;19;1
0;Father Mathew Statue;-8.4706278;51.89967344;13-07-2017 18:43:00;8;7
0;Cork School of Music;-8.46809252166047;51.89631707505499;13-07-2017 18:43:00;6;9
1;Brian Boru Bridge;-8.465153;51.900405;13-07-2017 18:43:00;0;0
0;Bus Station;-8.46695074;51.89951532;13-07-2017 18:43:00;9;11
0;Cork City Hall;-8.466;51.897;13-07-2017 18:43:00;3;10
0;Lower Glanmire Rd.;-8.46411816;51.90137057;13-07-2017 18:43:00;17;3
0;Clontarf Street;-8.46562933177544;51.89848186918711;13-07-2017 18:43:00;1;8
0;Kent Station;-8.45821512;51.90196195;13-07-2017 18:43:00;20;9
0;Gaol Walk;-8.494174;51.893604;13-07-2017 18:48:00;10;14
0;Fitzgerald's Park;-8.49341266;51.89555327;13-07-2017 18:48:00;12;0
0;Bandfield;-8.4891363;51.89580557;13-07-2017 18:48:00;10;22
0;Dyke Parade;-8.48458467;51.89718531;13-07-2017 18:48:00;4;6
0;Mercy Hospital;-8.48225676;51.89911495;13-07-2017 18:48:00;4;9
0;St. Fin Barre's Bridge;-8.48196155;51.89710212;13-07-2017 18:48:00;16;3
0;Pope's Quay;-8.477385;51.901632;13-07-2017 18:48:00;10;8
0;North Main St.;-8.47844005;51.89974733;13-07-2017 18:48:00;5;10
0;Grattan St.;-8.47977966;51.8984737;13-07-2017 18:48:00;3;6
0;Wandesford Quay;-8.48004;51.896492;13-07-2017 18:48:00;12;9
0;Bishop St.;-8.4790268;51.89468826;13-07-2017 18:48:00;7;7
0;Camden Quay;-8.473342;51.901054;13-07-2017 18:48:00;3;17
0;Corn Market St.;-8.477;51.9;13-07-2017 18:48:00;16;6
0;Lapp's Quay;-8.465735;51.898144;13-07-2017 18:48:00;6;22
0;St. Patricks St.;-8.47261531;51.89850471;13-07-2017 18:48:00;9;10
0;South Main St.;-8.47689553164735;51.89694605306899;13-07-2017 18:48:00;4;6
0;Grand Parade;-8.47536977381303;51.89748023175811;13-07-2017 18:48:00;0;16
0;Peace Park;-8.47347588279142;51.89619469926869;13-07-2017 18:48:00;11;7
0;South Gate Bridge;-8.47586514429047;51.89549439125871;13-07-2017 18:48:00;5;7
0;Coburg St.;-8.47056736;51.90155283;13-07-2017 18:48:00;15;13
0;Emmet Place;-8.47270466388061;51.90020812214529;13-07-2017 18:48:00;17;3
0;South Mall;-8.46989982762231;51.89683855516081;13-07-2017 18:48:00;10;18
0;College of Commerce;-8.469797;51.8953;13-07-2017 18:48:00;18;2
0;Father Mathew Statue;-8.4706278;51.89967344;13-07-2017 18:48:00;8;7
0;Cork School of Music;-8.46809252166047;51.89631707505499;13-07-2017 18:48:00;6;9
1;Brian Boru Bridge;-8.465153;51.900405;13-07-2017 18:48:00;0;0
0;Bus Station;-8.46695074;51.89951532;13-07-2017 18:48:00;9;11
0;Cork City Hall;-8.466;51.897;13-07-2017 18:48:00;3;10
0;Lower Glanmire Rd.;-8.46411816;51.90137057;13-07-2017 18:48:00;16;4
0;Clontarf Street;-8.46562933177544;51.89848186918711;13-07-2017 18:48:00;1;8
0;Kent Station;-8.45821512;51.90196195;13-07-2017 18:48:00;18;11
0;Gaol Walk;-8.494174;51.893604;13-07-2017 18:53:00;10;14
0;Fitzgerald's Park;-8.49341266;51.89555327;13-07-2017 18:53:00;11;1
0;Bandfield;-8.4891363;51.89580557;13-07-2017 18:53:00;10;22
0;Dyke Parade;-8.48458467;51.89718531;13-07-2017 18:53:00;4;6
0;Mercy Hospital;-8.48225676;51.89911495;13-07-2017 18:53:00;4;9
0;St. Fin Barre's Bridge;-8.48196155;51.89710212;13-07-2017 18:53:00;18;1
0;Pope's Quay;-8.477385;51.901632;13-07-2017 18:53:00;11;7
0;North Main St.;-8.47844005;51.89974733;13-07-2017 18:53:00;5;10
0;Grattan St.;-8.47977966;51.8984737;13-07-2017 18:53:00;3;6
0;Wandesford Quay;-8.48004;51.896492;13-07-2017 18:53:00;12;9
0;Bishop St.;-8.4790268;51.89468826;13-07-2017 18:53:00;8;6
0;Camden Quay;-8.473342;51.901054;13-07-2017 18:53:00;3;17
0;Corn Market St.;-8.477;51.9;13-07-2017 18:53:00;16;6
0;Lapp's Quay;-8.465735;51.898144;13-07-2017 18:53:00;6;22
0;St. Patricks St.;-8.47261531;51.89850471;13-07-2017 18:53:00;9;10
0;South Main St.;-8.47689553164735;51.89694605306899;13-07-2017 18:53:00;4;6
0;Grand Parade;-8.47536977381303;51.89748023175811;13-07-2017 18:53:00;0;16
0;Peace Park;-8.47347588279142;51.89619469926869;13-07-2017 18:53:00;11;7
0;South Gate Bridge;-8.47586514429047;51.89549439125871;13-07-2017 18:53:00;7;5
0;Coburg St.;-8.47056736;51.90155283;13-07-2017 18:53:00;16;12
0;Emmet Place;-8.47270466388061;51.90020812214529;13-07-2017 18:53:00;17;3
0;South Mall;-8.46989982762231;51.89683855516081;13-07-2017 18:53:00;10;18
0;College of Commerce;-8.469797;51.8953;13-07-2017 18:53:00;17;3
0;Father Mathew Statue;-8.4706278;51.89967344;13-07-2017 18:53:00;7;8
0;Cork School of Music;-8.46809252166047;51.89631707505499;13-07-2017 18:53:00;6;9
1;Brian Boru Bridge;-8.465153;51.900405;13-07-2017 18:53:00;0;0
0;Bus Station;-8.46695074;51.89951532;13-07-2017 18:53:00;9;11
0;Cork City Hall;-8.466;51.897;13-07-2017 18:53:00;3;10
0;Lower Glanmire Rd.;-8.46411816;51.90137057;13-07-2017 18:53:00;15;5
0;Clontarf Street;-8.46562933177544;51.89848186918711;13-07-2017 18:53:00;1;8
0;Kent Station;-8.45821512;51.90196195;13-07-2017 18:53:00;19;10
0;Gaol Walk;-8.494174;51.893604;13-07-2017 18:58:00;10;14
0;Fitzgerald's Park;-8.49341266;51.89555327;13-07-2017 18:58:00;10;2
0;Bandfield;-8.4891363;51.89580557;13-07-2017 18:58:00;12;20
0;Dyke Parade;-8.48458467;51.89718531;13-07-2017 18:58:00;4;6
0;Mercy Hospital;-8.48225676;51.89911495;13-07-2017 18:58:00;4;9
0;St. Fin Barre's Bridge;-8.48196155;51.89710212;13-07-2017 18:58:00;17;2
0;Pope's Quay;-8.477385;51.901632;13-07-2017 18:58:00;11;7
0;North Main St.;-8.47844005;51.89974733;13-07-2017 18:58:00;6;9
0;Grattan St.;-8.47977966;51.8984737;13-07-2017 18:58:00;3;6
0;Wandesford Quay;-8.48004;51.896492;13-07-2017 18:58:00;12;9
0;Bishop St.;-8.4790268;51.89468826;13-07-2017 18:58:00;8;6
0;Camden Quay;-8.473342;51.901054;13-07-2017 18:58:00;5;15
0;Corn Market St.;-8.477;51.9;13-07-2017 18:58:00;16;6
0;Lapp's Quay;-8.465735;51.898144;13-07-2017 18:58:00;6;22
0;St. Patricks St.;-8.47261531;51.89850471;13-07-2017 18:58:00;8;11
0;South Main St.;-8.47689553164735;51.89694605306899;13-07-2017 18:58:00;4;6
0;Grand Parade;-8.47536977381303;51.89748023175811;13-07-2017 18:58:00;0;16
0;Peace Park;-8.47347588279142;51.89619469926869;13-07-2017 18:58:00;13;5
0;South Gate Bridge;-8.47586514429047;51.89549439125871;13-07-2017 18:58:00;7;5
0;Coburg St.;-8.47056736;51.90155283;13-07-2017 18:58:00;16;12
0;Emmet Place;-8.47270466388061;51.90020812214529;13-07-2017 18:58:00;17;3
0;South Mall;-8.46989982762231;51.89683855516081;13-07-2017 18:58:00;10;18
0;College of Commerce;-8.469797;51.8953;13-07-2017 18:58:00;17;3
0;Father Mathew Statue;-8.4706278;51.89967344;13-07-2017 18:58:00;7;8
0;Cork School of Music;-8.46809252166047;51.89631707505499;13-07-2017 18:58:00;6;9
1;Brian Boru Bridge;-8.465153;51.900405;13-07-2017 18:58:00;0;0
0;Bus Station;-8.46695074;51.89951532;13-07-2017 18:58:00;9;11
0;Cork City Hall;-8.466;51.897;13-07-2017 18:58:00;3;10
0;Lower Glanmire Rd.;-8.46411816;51.90137057;13-07-2017 18:58:00;15;5
0;Clontarf Street;-8.46562933177544;51.89848186918711;13-07-2017 18:58:00;1;8
0;Kent Station;-8.45821512;51.90196195;13-07-2017 18:58:00;18;11
0;Gaol Walk;-8.494174;51.893604;13-07-2017 19:03:00;9;15
0;Fitzgerald's Park;-8.49341266;51.89555327;13-07-2017 19:03:00;8;4
0;Bandfield;-8.4891363;51.89580557;13-07-2017 19:03:00;13;19
0;Dyke Parade;-8.48458467;51.89718531;13-07-2017 19:03:00;2;8
0;Mercy Hospital;-8.48225676;51.89911495;13-07-2017 19:03:00;4;9
0;St. Fin Barre's Bridge;-8.48196155;51.89710212;13-07-2017 19:03:00;19;0
0;Pope's Quay;-8.477385;51.901632;13-07-2017 19:03:00;6;12
0;North Main St.;-8.47844005;51.89974733;13-07-2017 19:03:00;5;10
0;Grattan St.;-8.47977966;51.8984737;13-07-2017 19:03:00;3;6
0;Wandesford Quay;-8.48004;51.896492;13-07-2017 19:03:00;12;9
0;Bishop St.;-8.4790268;51.89468826;13-07-2017 19:03:00;8;6
0;Camden Quay;-8.473342;51.901054;13-07-2017 19:03:00;5;15
0;Corn Market St.;-8.477;51.9;13-07-2017 19:03:00;17;5
0;Lapp's Quay;-8.465735;51.898144;13-07-2017 19:03:00;5;23
0;St. Patricks St.;-8.47261531;51.89850471;13-07-2017 19:03:00;8;11
0;South Main St.;-8.47689553164735;51.89694605306899;13-07-2017 19:03:00;4;6
0;Grand Parade;-8.47536977381303;51.89748023175811;13-07-2017 19:03:00;0;16
0;Peace Park;-8.47347588279142;51.89619469926869;13-07-2017 19:03:00;13;5
0;South Gate Bridge;-8.47586514429047;51.89549439125871;13-07-2017 19:03:00;7;5
0;Coburg St.;-8.47056736;51.90155283;13-07-2017 19:03:00;17;11
0;Emmet Place;-8.47270466388061;51.90020812214529;13-07-2017 19:03:00;17;3
0;South Mall;-8.46989982762231;51.89683855516081;13-07-2017 19:03:00;10;18
0;College of Commerce;-8.469797;51.8953;13-07-2017 19:03:00;17;3
0;Father Mathew Statue;-8.4706278;51.89967344;13-07-2017 19:03:00;7;8
0;Cork School of Music;-8.46809252166047;51.89631707505499;13-07-2017 19:03:00;6;9
1;Brian Boru Bridge;-8.465153;51.900405;13-07-2017 19:03:00;0;0
0;Bus Station;-8.46695074;51.89951532;13-07-2017 19:03:00;9;11
0;Cork City Hall;-8.466;51.897;13-07-2017 19:03:00;4;9
0;Lower Glanmire Rd.;-8.46411816;51.90137057;13-07-2017 19:03:00;15;5
0;Clontarf Street;-8.46562933177544;51.89848186918711;13-07-2017 19:03:00;1;8
0;Kent Station;-8.45821512;51.90196195;13-07-2017 19:03:00;18;11
0;Gaol Walk;-8.494174;51.893604;13-07-2017 19:08:00;10;14
0;Fitzgerald's Park;-8.49341266;51.89555327;13-07-2017 19:08:00;10;2
0;Bandfield;-8.4891363;51.89580557;13-07-2017 19:08:00;13;19
0;Dyke Parade;-8.48458467;51.89718531;13-07-2017 19:08:00;2;8
0;Mercy Hospital;-8.48225676;51.89911495;13-07-2017 19:08:00;4;9
0;St. Fin Barre's Bridge;-8.48196155;51.89710212;13-07-2017 19:08:00;20;0
0;Pope's Quay;-8.477385;51.901632;13-07-2017 19:08:00;6;12
0;North Main St.;-8.47844005;51.89974733;13-07-2017 19:08:00;5;10
0;Grattan St.;-8.47977966;51.8984737;13-07-2017 19:08:00;3;6
0;Wandesford Quay;-8.48004;51.896492;13-07-2017 19:08:00;12;9
0;Bishop St.;-8.4790268;51.89468826;13-07-2017 19:08:00;9;5
0;Camden Quay;-8.473342;51.901054;13-07-2017 19:08:00;5;15
0;Corn Market St.;-8.477;51.9;13-07-2017 19:08:00;18;4
0;Lapp's Quay;-8.465735;51.898144;13-07-2017 19:08:00;5;23
0;St. Patricks St.;-8.47261531;51.89850471;13-07-2017 19:08:00;8;11
0;South Main St.;-8.47689553164735;51.89694605306899;13-07-2017 19:08:00;4;6
0;Grand Parade;-8.47536977381303;51.89748023175811;13-07-2017 19:08:00;0;16
0;Peace Park;-8.47347588279142;51.89619469926869;13-07-2017 19:08:00;13;5
0;South Gate Bridge;-8.47586514429047;51.89549439125871;13-07-2017 19:08:00;8;4
0;Coburg St.;-8.47056736;51.90155283;13-07-2017 19:08:00;17;11
0;Emmet Place;-8.47270466388061;51.90020812214529;13-07-2017 19:08:00;18;2
0;South Mall;-8.46989982762231;51.89683855516081;13-07-2017 19:08:00;10;18
0;College of Commerce;-8.469797;51.8953;13-07-2017 19:08:00;17;3
0;Father Mathew Statue;-8.4706278;51.89967344;13-07-2017 19:08:00;7;8
0;Cork School of Music;-8.46809252166047;51.89631707505499;13-07-2017 19:08:00;6;9
1;Brian Boru Bridge;-8.465153;51.900405;13-07-2017 19:08:00;0;0
0;Bus Station;-8.46695074;51.89951532;13-07-2017 19:08:00;9;11
0;Cork City Hall;-8.466;51.897;13-07-2017 19:08:00;4;9
0;Lower Glanmire Rd.;-8.46411816;51.90137057;13-07-2017 19:08:00;15;5
0;Clontarf Street;-8.46562933177544;51.89848186918711;13-07-2017 19:08:00;1;8
0;Kent Station;-8.45821512;51.90196195;13-07-2017 19:08:00;18;11
0;Gaol Walk;-8.494174;51.893604;13-07-2017 19:13:00;10;14
0;Fitzgerald's Park;-8.49341266;51.89555327;13-07-2017 19:13:00;10;2
0;Bandfield;-8.4891363;51.89580557;13-07-2017 19:13:00;13;19
0;Dyke Parade;-8.48458467;51.89718531;13-07-2017 19:13:00;2;8
0;Mercy Hospital;-8.48225676;51.89911495;13-07-2017 19:13:00;3;10
0;St. Fin Barre's Bridge;-8.48196155;51.89710212;13-07-2017 19:13:00;21;0
0;Pope's Quay;-8.477385;51.901632;13-07-2017 19:13:00;6;12
0;North Main St.;-8.47844005;51.89974733;13-07-2017 19:13:00;6;9
0;Grattan St.;-8.47977966;51.8984737;13-07-2017 19:13:00;3;6
0;Wandesford Quay;-8.48004;51.896492;13-07-2017 19:13:00;12;9
0;Bishop St.;-8.4790268;51.89468826;13-07-2017 19:13:00;9;5
0;Camden Quay;-8.473342;51.901054;13-07-2017 19:13:00;5;15
0;Corn Market St.;-8.477;51.9;13-07-2017 19:13:00;18;4
0;Lapp's Quay;-8.465735;51.898144;13-07-2017 19:13:00;5;23
0;St. Patricks St.;-8.47261531;51.89850471;13-07-2017 19:13:00;8;11
0;South Main St.;-8.47689553164735;51.89694605306899;13-07-2017 19:13:00;4;6
0;Grand Parade;-8.47536977381303;51.89748023175811;13-07-2017 19:13:00;0;16
0;Peace Park;-8.47347588279142;51.89619469926869;13-07-2017 19:13:00;13;5
0;South Gate Bridge;-8.47586514429047;51.89549439125871;13-07-2017 19:13:00;9;3
0;Coburg St.;-8.47056736;51.90155283;13-07-2017 19:13:00;17;11
0;Emmet Place;-8.47270466388061;51.90020812214529;13-07-2017 19:13:00;18;2
0;South Mall;-8.46989982762231;51.89683855516081;13-07-2017 19:13:00;10;18
0;College of Commerce;-8.469797;51.8953;13-07-2017 19:13:00;17;3
0;Father Mathew Statue;-8.4706278;51.89967344;13-07-2017 19:13:00;6;9
0;Cork School of Music;-8.46809252166047;51.89631707505499;13-07-2017 19:13:00;6;9
1;Brian Boru Bridge;-8.465153;51.900405;13-07-2017 19:13:00;0;0
0;Bus Station;-8.46695074;51.89951532;13-07-2017 19:13:00;9;11
0;Cork City Hall;-8.466;51.897;13-07-2017 19:13:00;4;9
0;Lower Glanmire Rd.;-8.46411816;51.90137057;13-07-2017 19:13:00;14;6
0;Clontarf Street;-8.46562933177544;51.89848186918711;13-07-2017 19:13:00;1;8
0;Kent Station;-8.45821512;51.90196195;13-07-2017 19:13:00;18;11
0;Gaol Walk;-8.494174;51.893604;13-07-2017 19:18:00;10;14
0;Fitzgerald's Park;-8.49341266;51.89555327;13-07-2017 19:18:00;10;2
0;Bandfield;-8.4891363;51.89580557;13-07-2017 19:18:00;11;21
0;Dyke Parade;-8.48458467;51.89718531;13-07-2017 19:18:00;2;8
0;Mercy Hospital;-8.48225676;51.89911495;13-07-2017 19:18:00;3;10
0;St. Fin Barre's Bridge;-8.48196155;51.89710212;13-07-2017 19:18:00;21;0
0;Pope's Quay;-8.477385;51.901632;13-07-2017 19:18:00;6;12
0;North Main St.;-8.47844005;51.89974733;13-07-2017 19:18:00;6;9
0;Grattan St.;-8.47977966;51.8984737;13-07-2017 19:18:00;3;6
0;Wandesford Quay;-8.48004;51.896492;13-07-2017 19:18:00;12;9
0;Bishop St.;-8.4790268;51.89468826;13-07-2017 19:18:00;9;5
0;Camden Quay;-8.473342;51.901054;13-07-2017 19:18:00;5;15
0;Corn Market St.;-8.477;51.9;13-07-2017 19:18:00;18;4
0;Lapp's Quay;-8.465735;51.898144;13-07-2017 19:18:00;5;23
0;St. Patricks St.;-8.47261531;51.89850471;13-07-2017 19:18:00;8;11
0;South Main St.;-8.47689553164735;51.89694605306899;13-07-2017 19:18:00;4;6
0;Grand Parade;-8.47536977381303;51.89748023175811;13-07-2017 19:18:00;0;16
0;Peace Park;-8.47347588279142;51.89619469926869;13-07-2017 19:18:00;13;5
0;South Gate Bridge;-8.47586514429047;51.89549439125871;13-07-2017 19:18:00;9;3
0;Coburg St.;-8.47056736;51.90155283;13-07-2017 19:18:00;17;11
0;Emmet Place;-8.47270466388061;51.90020812214529;13-07-2017 19:18:00;18;2
0;South Mall;-8.46989982762231;51.89683855516081;13-07-2017 19:18:00;10;18
0;College of Commerce;-8.469797;51.8953;13-07-2017 19:18:00;17;3
0;Father Mathew Statue;-8.4706278;51.89967344;13-07-2017 19:18:00;5;10
0;Cork School of Music;-8.46809252166047;51.89631707505499;13-07-2017 19:18:00;6;9
1;Brian Boru Bridge;-8.465153;51.900405;13-07-2017 19:18:00;0;0
0;Bus Station;-8.46695074;51.89951532;13-07-2017 19:18:00;9;11
0;Cork City Hall;-8.466;51.897;13-07-2017 19:18:00;4;9
0;Lower Glanmire Rd.;-8.46411816;51.90137057;13-07-2017 19:18:00;14;6
0;Clontarf Street;-8.46562933177544;51.89848186918711;13-07-2017 19:18:00;1;8
0;Kent Station;-8.45821512;51.90196195;13-07-2017 19:18:00;19;10
0;Gaol Walk;-8.494174;51.893604;13-07-2017 19:23:00;10;14
0;Fitzgerald's Park;-8.49341266;51.89555327;13-07-2017 19:23:00;8;4
0;Bandfield;-8.4891363;51.89580557;13-07-2017 19:23:00;11;21
0;Dyke Parade;-8.48458467;51.89718531;13-07-2017 19:23:00;2;8
0;Mercy Hospital;-8.48225676;51.89911495;13-07-2017 19:23:00;3;10
0;St. Fin Barre's Bridge;-8.48196155;51.89710212;13-07-2017 19:23:00;21;0
0;Pope's Quay;-8.477385;51.901632;13-07-2017 19:23:00;6;12
0;North Main St.;-8.47844005;51.89974733;13-07-2017 19:23:00;6;9
0;Grattan St.;-8.47977966;51.8984737;13-07-2017 19:23:00;3;6
0;Wandesford Quay;-8.48004;51.896492;13-07-2017 19:23:00;12;9
0;Bishop St.;-8.4790268;51.89468826;13-07-2017 19:23:00;9;5
0;Camden Quay;-8.473342;51.901054;13-07-2017 19:23:00;5;15
0;Corn Market St.;-8.477;51.9;13-07-2017 19:23:00;17;5
0;Lapp's Quay;-8.465735;51.898144;13-07-2017 19:23:00;5;23
0;St. Patricks St.;-8.47261531;51.89850471;13-07-2017 19:23:00;8;11
0;South Main St.;-8.47689553164735;51.89694605306899;13-07-2017 19:23:00;4;6
0;Grand Parade;-8.47536977381303;51.89748023175811;13-07-2017 19:23:00;0;16
0;Peace Park;-8.47347588279142;51.89619469926869;13-07-2017 19:23:00;13;5
0;South Gate Bridge;-8.47586514429047;51.89549439125871;13-07-2017 19:23:00;9;3
0;Coburg St.;-8.47056736;51.90155283;13-07-2017 19:23:00;19;9
0;Emmet Place;-8.47270466388061;51.90020812214529;13-07-2017 19:23:00;18;2
0;South Mall;-8.46989982762231;51.89683855516081;13-07-2017 19:23:00;10;18
0;College of Commerce;-8.469797;51.8953;13-07-2017 19:23:00;18;2
0;Father Mathew Statue;-8.4706278;51.89967344;13-07-2017 19:23:00;5;10
0;Cork School of Music;-8.46809252166047;51.89631707505499;13-07-2017 19:23:00;6;9
1;Brian Boru Bridge;-8.465153;51.900405;13-07-2017 19:23:00;0;0
0;Bus Station;-8.46695074;51.89951532;13-07-2017 19:23:00;9;11
0;Cork City Hall;-8.466;51.897;13-07-2017 19:23:00;3;10
0;Lower Glanmire Rd.;-8.46411816;51.90137057;13-07-2017 19:23:00;14;6
0;Clontarf Street;-8.46562933177544;51.89848186918711;13-07-2017 19:23:00;1;8
0;Kent Station;-8.45821512;51.90196195;13-07-2017 19:23:00;19;10
0;Gaol Walk;-8.494174;51.893604;13-07-2017 19:28:00;10;14
0;Fitzgerald's Park;-8.49341266;51.89555327;13-07-2017 19:28:00;9;3
0;Bandfield;-8.4891363;51.89580557;13-07-2017 19:28:00;11;21
0;Dyke Parade;-8.48458467;51.89718531;13-07-2017 19:28:00;4;6
0;Mercy Hospital;-8.48225676;51.89911495;13-07-2017 19:28:00;3;10
0;St. Fin Barre's Bridge;-8.48196155;51.89710212;13-07-2017 19:28:00;22;0
0;Pope's Quay;-8.477385;51.901632;13-07-2017 19:28:00;7;11
0;North Main St.;-8.47844005;51.89974733;13-07-2017 19:28:00;5;10
0;Grattan St.;-8.47977966;51.8984737;13-07-2017 19:28:00;3;6
0;Wandesford Quay;-8.48004;51.896492;13-07-2017 19:28:00;12;9
0;Bishop St.;-8.4790268;51.89468826;13-07-2017 19:28:00;9;5
0;Camden Quay;-8.473342;51.901054;13-07-2017 19:28:00;5;15
0;Corn Market St.;-8.477;51.9;13-07-2017 19:28:00;17;5
0;Lapp's Quay;-8.465735;51.898144;13-07-2017 19:28:00;5;23
0;St. Patricks St.;-8.47261531;51.89850471;13-07-2017 19:28:00;9;10
0;South Main St.;-8.47689553164735;51.89694605306899;13-07-2017 19:28:00;4;6
0;Grand Parade;-8.47536977381303;51.89748023175811;13-07-2017 19:28:00;6;10
0;Peace Park;-8.47347588279142;51.89619469926869;13-07-2017 19:28:00;13;5
0;South Gate Bridge;-8.47586514429047;51.89549439125871;13-07-2017 19:28:00;9;3
0;Coburg St.;-8.47056736;51.90155283;13-07-2017 19:28:00;19;9
0;Emmet Place;-8.47270466388061;51.90020812214529;13-07-2017 19:28:00;18;2
0;South Mall;-8.46989982762231;51.89683855516081;13-07-2017 19:28:00;10;18
0;College of Commerce;-8.469797;51.8953;13-07-2017 19:28:00;17;3
0;Father Mathew Statue;-8.4706278;51.89967344;13-07-2017 19:28:00;5;10
0;Cork School of Music;-8.46809252166047;51.89631707505499;13-07-2017 19:28:00;7;8
1;Brian Boru Bridge;-8.465153;51.900405;13-07-2017 19:28:00;0;0
0;Bus Station;-8.46695074;51.89951532;13-07-2017 19:28:00;9;11
0;Cork City Hall;-8.466;51.897;13-07-2017 19:28:00;3;10
0;Lower Glanmire Rd.;-8.46411816;51.90137057;13-07-2017 19:28:00;14;6
0;Clontarf Street;-8.46562933177544;51.89848186918711;13-07-2017 19:28:00;1;8
0;Kent Station;-8.45821512;51.90196195;13-07-2017 19:28:00;18;11
0;Gaol Walk;-8.494174;51.893604;13-07-2017 19:33:00;10;14
0;Fitzgerald's Park;-8.49341266;51.89555327;13-07-2017 19:33:00;9;3
0;Bandfield;-8.4891363;51.89580557;13-07-2017 19:33:00;11;21
0;Dyke Parade;-8.48458467;51.89718531;13-07-2017 19:33:00;4;6
0;Mercy Hospital;-8.48225676;51.89911495;13-07-2017 19:33:00;3;10
0;St. Fin Barre's Bridge;-8.48196155;51.89710212;13-07-2017 19:33:00;22;0
0;Pope's Quay;-8.477385;51.901632;13-07-2017 19:33:00;7;11
0;North Main St.;-8.47844005;51.89974733;13-07-2017 19:33:00;5;10
0;Grattan St.;-8.47977966;51.8984737;13-07-2017 19:33:00;3;6
0;Wandesford Quay;-8.48004;51.896492;13-07-2017 19:33:00;11;10
0;Bishop St.;-8.4790268;51.89468826;13-07-2017 19:33:00;8;6
0;Camden Quay;-8.473342;51.901054;13-07-2017 19:33:00;5;15
0;Corn Market St.;-8.477;51.9;13-07-2017 19:33:00;15;7
0;Lapp's Quay;-8.465735;51.898144;13-07-2017 19:33:00;5;23
0;St. Patricks St.;-8.47261531;51.89850471;13-07-2017 19:33:00;9;10
0;South Main St.;-8.47689553164735;51.89694605306899;13-07-2017 19:33:00;4;6
0;Grand Parade;-8.47536977381303;51.89748023175811;13-07-2017 19:33:00;7;9
0;Peace Park;-8.47347588279142;51.89619469926869;13-07-2017 19:33:00;13;5
0;South Gate Bridge;-8.47586514429047;51.89549439125871;13-07-2017 19:33:00;9;3
0;Coburg St.;-8.47056736;51.90155283;13-07-2017 19:33:00;19;9
0;Emmet Place;-8.47270466388061;51.90020812214529;13-07-2017 19:33:00;19;1
0;South Mall;-8.46989982762231;51.89683855516081;13-07-2017 19:33:00;10;18
0;College of Commerce;-8.469797;51.8953;13-07-2017 19:33:00;17;3
0;Father Mathew Statue;-8.4706278;51.89967344;13-07-2017 19:33:00;5;10
0;Cork School of Music;-8.46809252166047;51.89631707505499;13-07-2017 19:33:00;7;8
1;Brian Boru Bridge;-8.465153;51.900405;13-07-2017 19:33:00;0;0
0;Bus Station;-8.46695074;51.89951532;13-07-2017 19:33:00;9;11
0;Cork City Hall;-8.466;51.897;13-07-2017 19:33:00;3;10
0;Lower Glanmire Rd.;-8.46411816;51.90137057;13-07-2017 19:33:00;14;6
0;Clontarf Street;-8.46562933177544;51.89848186918711;13-07-2017 19:33:00;1;8
0;Kent Station;-8.45821512;51.90196195;13-07-2017 19:33:00;17;12
0;Gaol Walk;-8.494174;51.893604;13-07-2017 19:38:00;10;14
0;Fitzgerald's Park;-8.49341266;51.89555327;13-07-2017 19:38:00;11;1
0;Bandfield;-8.4891363;51.89580557;13-07-2017 19:38:00;10;22
0;Dyke Parade;-8.48458467;51.89718531;13-07-2017 19:38:00;4;6
0;Mercy Hospital;-8.48225676;51.89911495;13-07-2017 19:38:00;3;10
0;St. Fin Barre's Bridge;-8.48196155;51.89710212;13-07-2017 19:38:00;22;0
0;Pope's Quay;-8.477385;51.901632;13-07-2017 19:38:00;6;12
0;North Main St.;-8.47844005;51.89974733;13-07-2017 19:38:00;5;10
0;Grattan St.;-8.47977966;51.8984737;13-07-2017 19:38:00;3;6
0;Wandesford Quay;-8.48004;51.896492;13-07-2017 19:38:00;11;10
0;Bishop St.;-8.4790268;51.89468826;13-07-2017 19:38:00;8;6
0;Camden Quay;-8.473342;51.901054;13-07-2017 19:38:00;5;15
0;Corn Market St.;-8.477;51.9;13-07-2017 19:38:00;14;8
0;Lapp's Quay;-8.465735;51.898144;13-07-2017 19:38:00;5;23
0;St. Patricks St.;-8.47261531;51.89850471;13-07-2017 19:38:00;10;9
0;South Main St.;-8.47689553164735;51.89694605306899;13-07-2017 19:38:00;4;6
0;Grand Parade;-8.47536977381303;51.89748023175811;13-07-2017 19:38:00;6;10
0;Peace Park;-8.47347588279142;51.89619469926869;13-07-2017 19:38:00;13;5
0;South Gate Bridge;-8.47586514429047;51.89549439125871;13-07-2017 19:38:00;9;3
0;Coburg St.;-8.47056736;51.90155283;13-07-2017 19:38:00;19;9
0;Emmet Place;-8.47270466388061;51.90020812214529;13-07-2017 19:38:00;19;1
0;South Mall;-8.46989982762231;51.89683855516081;13-07-2017 19:38:00;10;18
0;College of Commerce;-8.469797;51.8953;13-07-2017 19:38:00;17;3
0;Father Mathew Statue;-8.4706278;51.89967344;13-07-2017 19:38:00;5;10
0;Cork School of Music;-8.46809252166047;51.89631707505499;13-07-2017 19:38:00;7;8
1;Brian Boru Bridge;-8.465153;51.900405;13-07-2017 19:38:00;0;0
0;Bus Station;-8.46695074;51.89951532;13-07-2017 19:38:00;9;11
0;Cork City Hall;-8.466;51.897;13-07-2017 19:38:00;3;10
0;Lower Glanmire Rd.;-8.46411816;51.90137057;13-07-2017 19:38:00;14;6
0;Clontarf Street;-8.46562933177544;51.89848186918711;13-07-2017 19:38:00;1;8
0;Kent Station;-8.45821512;51.90196195;13-07-2017 19:38:00;17;12
0;Gaol Walk;-8.494174;51.893604;13-07-2017 19:43:00;9;15
0;Fitzgerald's Park;-8.49341266;51.89555327;13-07-2017 19:43:00;12;0
0;Bandfield;-8.4891363;51.89580557;13-07-2017 19:43:00;10;22
0;Dyke Parade;-8.48458467;51.89718531;13-07-2017 19:43:00;4;6
0;Mercy Hospital;-8.48225676;51.89911495;13-07-2017 19:43:00;3;10
0;St. Fin Barre's Bridge;-8.48196155;51.89710212;13-07-2017 19:43:00;14;5
0;Pope's Quay;-8.477385;51.901632;13-07-2017 19:43:00;5;13
0;North Main St.;-8.47844005;51.89974733;13-07-2017 19:43:00;5;10
0;Grattan St.;-8.47977966;51.8984737;13-07-2017 19:43:00;3;6
0;Wandesford Quay;-8.48004;51.896492;13-07-2017 19:43:00;11;10
0;Bishop St.;-8.4790268;51.89468826;13-07-2017 19:43:00;8;6
0;Camden Quay;-8.473342;51.901054;13-07-2017 19:43:00;5;15
0;Corn Market St.;-8.477;51.9;13-07-2017 19:43:00;14;8
0;Lapp's Quay;-8.465735;51.898144;13-07-2017 19:43:00;5;23
0;St. Patricks St.;-8.47261531;51.89850471;13-07-2017 19:43:00;11;8
0;South Main St.;-8.47689553164735;51.89694605306899;13-07-2017 19:43:00;4;6
0;Grand Parade;-8.47536977381303;51.89748023175811;13-07-2017 19:43:00;7;9
0;Peace Park;-8.47347588279142;51.89619469926869;13-07-2017 19:43:00;13;5
0;South Gate Bridge;-8.47586514429047;51.89549439125871;13-07-2017 19:43:00;9;3
0;Coburg St.;-8.47056736;51.90155283;13-07-2017 19:43:00;20;8
0;Emmet Place;-8.47270466388061;51.90020812214529;13-07-2017 19:43:00;18;2
0;South Mall;-8.46989982762231;51.89683855516081;13-07-2017 19:43:00;10;18
0;College of Commerce;-8.469797;51.8953;13-07-2017 19:43:00;17;3
0;Father Mathew Statue;-8.4706278;51.89967344;13-07-2017 19:43:00;5;10
0;Cork School of Music;-8.46809252166047;51.89631707505499;13-07-2017 19:43:00;7;8
1;Brian Boru Bridge;-8.465153;51.900405;13-07-2017 19:43:00;0;0
0;Bus Station;-8.46695074;51.89951532;13-07-2017 19:43:00;9;11
0;Cork City Hall;-8.466;51.897;13-07-2017 19:43:00;5;8
0;Lower Glanmire Rd.;-8.46411816;51.90137057;13-07-2017 19:43:00;13;7
0;Clontarf Street;-8.46562933177544;51.89848186918711;13-07-2017 19:43:00;1;8
0;Kent Station;-8.45821512;51.90196195;13-07-2017 19:43:00;17;12
0;Gaol Walk;-8.494174;51.893604;13-07-2017 19:48:00;8;16
0;Fitzgerald's Park;-8.49341266;51.89555327;13-07-2017 19:48:00;13;0
0;Bandfield;-8.4891363;51.89580557;13-07-2017 19:48:00;9;23
0;Dyke Parade;-8.48458467;51.89718531;13-07-2017 19:48:00;4;6
0;Mercy Hospital;-8.48225676;51.89911495;13-07-2017 19:48:00;3;10
0;St. Fin Barre's Bridge;-8.48196155;51.89710212;13-07-2017 19:48:00;14;5
0;Pope's Quay;-8.477385;51.901632;13-07-2017 19:48:00;3;15
0;North Main St.;-8.47844005;51.89974733;13-07-2017 19:48:00;5;10
0;Grattan St.;-8.47977966;51.8984737;13-07-2017 19:48:00;3;6
0;Wandesford Quay;-8.48004;51.896492;13-07-2017 19:48:00;11;10
0;Bishop St.;-8.4790268;51.89468826;13-07-2017 19:48:00;8;6
0;Camden Quay;-8.473342;51.901054;13-07-2017 19:48:00;6;14
0;Corn Market St.;-8.477;51.9;13-07-2017 19:48:00;14;8
0;Lapp's Quay;-8.465735;51.898144;13-07-2017 19:48:00;6;22
0;St. Patricks St.;-8.47261531;51.89850471;13-07-2017 19:48:00;11;8
0;South Main St.;-8.47689553164735;51.89694605306899;13-07-2017 19:48:00;4;6
0;Grand Parade;-8.47536977381303;51.89748023175811;13-07-2017 19:48:00;7;9
0;Peace Park;-8.47347588279142;51.89619469926869;13-07-2017 19:48:00;13;5
0;South Gate Bridge;-8.47586514429047;51.89549439125871;13-07-2017 19:48:00;9;3
0;Coburg St.;-8.47056736;51.90155283;13-07-2017 19:48:00;20;8
0;Emmet Place;-8.47270466388061;51.90020812214529;13-07-2017 19:48:00;18;2
0;South Mall;-8.46989982762231;51.89683855516081;13-07-2017 19:48:00;10;18
0;College of Commerce;-8.469797;51.8953;13-07-2017 19:48:00;16;4
0;Father Mathew Statue;-8.4706278;51.89967344;13-07-2017 19:48:00;5;10
0;Cork School of Music;-8.46809252166047;51.89631707505499;13-07-2017 19:48:00;7;8
1;Brian Boru Bridge;-8.465153;51.900405;13-07-2017 19:48:00;0;0
0;Bus Station;-8.46695074;51.89951532;13-07-2017 19:48:00;9;11
0;Cork City Hall;-8.466;51.897;13-07-2017 19:48:00;5;8
0;Lower Glanmire Rd.;-8.46411816;51.90137057;13-07-2017 19:48:00;14;6
0;Clontarf Street;-8.46562933177544;51.89848186918711;13-07-2017 19:48:00;1;8
0;Kent Station;-8.45821512;51.90196195;13-07-2017 19:48:00;17;12
0;Gaol Walk;-8.494174;51.893604;13-07-2017 19:53:00;8;16
0;Fitzgerald's Park;-8.49341266;51.89555327;13-07-2017 19:53:00;10;2
0;Bandfield;-8.4891363;51.89580557;13-07-2017 19:53:00;8;24
0;Dyke Parade;-8.48458467;51.89718531;13-07-2017 19:53:00;4;6
0;Mercy Hospital;-8.48225676;51.89911495;13-07-2017 19:53:00;2;11
0;St. Fin Barre's Bridge;-8.48196155;51.89710212;13-07-2017 19:53:00;14;5
0;Pope's Quay;-8.477385;51.901632;13-07-2017 19:53:00;3;15
0;North Main St.;-8.47844005;51.89974733;13-07-2017 19:53:00;5;10
0;Grattan St.;-8.47977966;51.8984737;13-07-2017 19:53:00;3;6
0;Wandesford Quay;-8.48004;51.896492;13-07-2017 19:53:00;11;10
0;Bishop St.;-8.4790268;51.89468826;13-07-2017 19:53:00;8;6
0;Camden Quay;-8.473342;51.901054;13-07-2017 19:53:00;6;14
0;Corn Market St.;-8.477;51.9;13-07-2017 19:53:00;14;8
0;Lapp's Quay;-8.465735;51.898144;13-07-2017 19:53:00;6;22
0;St. Patricks St.;-8.47261531;51.89850471;13-07-2017 19:53:00;11;8
0;South Main St.;-8.47689553164735;51.89694605306899;13-07-2017 19:53:00;4;6
0;Grand Parade;-8.47536977381303;51.89748023175811;13-07-2017 19:53:00;7;9
0;Peace Park;-8.47347588279142;51.89619469926869;13-07-2017 19:53:00;13;5
0;South Gate Bridge;-8.47586514429047;51.89549439125871;13-07-2017 19:53:00;10;2
0;Coburg St.;-8.47056736;51.90155283;13-07-2017 19:53:00;20;8
0;Emmet Place;-8.47270466388061;51.90020812214529;13-07-2017 19:53:00;18;2
0;South Mall;-8.46989982762231;51.89683855516081;13-07-2017 19:53:00;10;18
0;College of Commerce;-8.469797;51.8953;13-07-2017 19:53:00;16;4
0;Father Mathew Statue;-8.4706278;51.89967344;13-07-2017 19:53:00;5;10
0;Cork School of Music;-8.46809252166047;51.89631707505499;13-07-2017 19:53:00;7;8
1;Brian Boru Bridge;-8.465153;51.900405;13-07-2017 19:53:00;0;0
0;Bus Station;-8.46695074;51.89951532;13-07-2017 19:53:00;9;11
0;Cork City Hall;-8.466;51.897;13-07-2017 19:53:00;5;8
0;Lower Glanmire Rd.;-8.46411816;51.90137057;13-07-2017 19:53:00;14;6
0;Clontarf Street;-8.46562933177544;51.89848186918711;13-07-2017 19:53:00;1;8
0;Kent Station;-8.45821512;51.90196195;13-07-2017 19:53:00;17;12
0;Gaol Walk;-8.494174;51.893604;13-07-2017 19:58:00;7;17
0;Fitzgerald's Park;-8.49341266;51.89555327;13-07-2017 19:58:00;10;2
0;Bandfield;-8.4891363;51.89580557;13-07-2017 19:58:00;8;24
0;Dyke Parade;-8.48458467;51.89718531;13-07-2017 19:58:00;4;6
0;Mercy Hospital;-8.48225676;51.89911495;13-07-2017 19:58:00;2;11
0;St. Fin Barre's Bridge;-8.48196155;51.89710212;13-07-2017 19:58:00;14;5
0;Pope's Quay;-8.477385;51.901632;13-07-2017 19:58:00;3;15
0;North Main St.;-8.47844005;51.89974733;13-07-2017 19:58:00;5;10
0;Grattan St.;-8.47977966;51.8984737;13-07-2017 19:58:00;4;5
0;Wandesford Quay;-8.48004;51.896492;13-07-2017 19:58:00;11;10
0;Bishop St.;-8.4790268;51.89468826;13-07-2017 19:58:00;8;6
0;Camden Quay;-8.473342;51.901054;13-07-2017 19:58:00;7;13
0;Corn Market St.;-8.477;51.9;13-07-2017 19:58:00;14;8
0;Lapp's Quay;-8.465735;51.898144;13-07-2017 19:58:00;5;23
0;St. Patricks St.;-8.47261531;51.89850471;13-07-2017 19:58:00;13;6
0;South Main St.;-8.47689553164735;51.89694605306899;13-07-2017 19:58:00;3;7
0;Grand Parade;-8.47536977381303;51.89748023175811;13-07-2017 19:58:00;7;9
0;Peace Park;-8.47347588279142;51.89619469926869;13-07-2017 19:58:00;13;5
0;South Gate Bridge;-8.47586514429047;51.89549439125871;13-07-2017 19:58:00;10;2
0;Coburg St.;-8.47056736;51.90155283;13-07-2017 19:58:00;20;8
0;Emmet Place;-8.47270466388061;51.90020812214529;13-07-2017 19:58:00;18;2
0;South Mall;-8.46989982762231;51.89683855516081;13-07-2017 19:58:00;9;19
0;College of Commerce;-8.469797;51.8953;13-07-2017 19:58:00;16;4
0;Father Mathew Statue;-8.4706278;51.89967344;13-07-2017 19:58:00;5;10
0;Cork School of Music;-8.46809252166047;51.89631707505499;13-07-2017 19:58:00;8;7
1;Brian Boru Bridge;-8.465153;51.900405;13-07-2017 19:58:00;0;0
0;Bus Station;-8.46695074;51.89951532;13-07-2017 19:58:00;9;11
0;Cork City Hall;-8.466;51.897;13-07-2017 19:58:00;5;8
0;Lower Glanmire Rd.;-8.46411816;51.90137057;13-07-2017 19:58:00;14;6
0;Clontarf Street;-8.46562933177544;51.89848186918711;13-07-2017 19:58:00;1;8
0;Kent Station;-8.45821512;51.90196195;13-07-2017 19:58:00;16;13
0;Gaol Walk;-8.494174;51.893604;13-07-2017 20:03:00;7;17
0;Fitzgerald's Park;-8.49341266;51.89555327;13-07-2017 20:03:00;10;2
0;Bandfield;-8.4891363;51.89580557;13-07-2017 20:03:00;7;25
0;Dyke Parade;-8.48458467;51.89718531;13-07-2017 20:03:00;7;3
0;Mercy Hospital;-8.48225676;51.89911495;13-07-2017 20:03:00;2;11
0;St. Fin Barre's Bridge;-8.48196155;51.89710212;13-07-2017 20:03:00;14;5
0;Pope's Quay;-8.477385;51.901632;13-07-2017 20:03:00;3;15
0;North Main St.;-8.47844005;51.89974733;13-07-2017 20:03:00;6;9
0;Grattan St.;-8.47977966;51.8984737;13-07-2017 20:03:00;4;5
0;Wandesford Quay;-8.48004;51.896492;13-07-2017 20:03:00;11;10
0;Bishop St.;-8.4790268;51.89468826;13-07-2017 20:03:00;7;7
0;Camden Quay;-8.473342;51.901054;13-07-2017 20:03:00;8;12
0;Corn Market St.;-8.477;51.9;13-07-2017 20:03:00;15;7
0;Lapp's Quay;-8.465735;51.898144;13-07-2017 20:03:00;5;23
0;St. Patricks St.;-8.47261531;51.89850471;13-07-2017 20:03:00;13;6
0;South Main St.;-8.47689553164735;51.89694605306899;13-07-2017 20:03:00;4;6
0;Grand Parade;-8.47536977381303;51.89748023175811;13-07-2017 20:03:00;7;9
0;Peace Park;-8.47347588279142;51.89619469926869;13-07-2017 20:03:00;13;5
0;South Gate Bridge;-8.47586514429047;51.89549439125871;13-07-2017 20:03:00;10;2
0;Coburg St.;-8.47056736;51.90155283;13-07-2017 20:03:00;20;8
0;Emmet Place;-8.47270466388061;51.90020812214529;13-07-2017 20:03:00;18;2
0;South Mall;-8.46989982762231;51.89683855516081;13-07-2017 20:03:00;8;20
0;College of Commerce;-8.469797;51.8953;13-07-2017 20:03:00;16;4
0;Father Mathew Statue;-8.4706278;51.89967344;13-07-2017 20:03:00;5;10
0;Cork School of Music;-8.46809252166047;51.89631707505499;13-07-2017 20:03:00;9;6
1;Brian Boru Bridge;-8.465153;51.900405;13-07-2017 20:03:00;0;0
0;Bus Station;-8.46695074;51.89951532;13-07-2017 20:03:00;9;11
0;Cork City Hall;-8.466;51.897;13-07-2017 20:03:00;5;8
0;Lower Glanmire Rd.;-8.46411816;51.90137057;13-07-2017 20:03:00;15;5
0;Clontarf Street;-8.46562933177544;51.89848186918711;13-07-2017 20:03:00;1;8
0;Kent Station;-8.45821512;51.90196195;13-07-2017 20:03:00;16;13
0;Gaol Walk;-8.494174;51.893604;13-07-2017 20:08:00;7;17
0;Fitzgerald's Park;-8.49341266;51.89555327;13-07-2017 20:08:00;8;4
0;Bandfield;-8.4891363;51.89580557;13-07-2017 20:08:00;7;25
0;Dyke Parade;-8.48458467;51.89718531;13-07-2017 20:08:00;7;3
0;Mercy Hospital;-8.48225676;51.89911495;13-07-2017 20:08:00;1;12
0;St. Fin Barre's Bridge;-8.48196155;51.89710212;13-07-2017 20:08:00;15;4
0;Pope's Quay;-8.477385;51.901632;13-07-2017 20:08:00;3;15
0;North Main St.;-8.47844005;51.89974733;13-07-2017 20:08:00;6;9
0;Grattan St.;-8.47977966;51.8984737;13-07-2017 20:08:00;5;4
0;Wandesford Quay;-8.48004;51.896492;13-07-2017 20:08:00;11;10
0;Bishop St.;-8.4790268;51.89468826;13-07-2017 20:08:00;7;7
0;Camden Quay;-8.473342;51.901054;13-07-2017 20:08:00;10;10
0;Corn Market St.;-8.477;51.9;13-07-2017 20:08:00;15;7
0;Lapp's Quay;-8.465735;51.898144;13-07-2017 20:08:00;5;23
0;St. Patricks St.;-8.47261531;51.89850471;13-07-2017 20:08:00;13;6
0;South Main St.;-8.47689553164735;51.89694605306899;13-07-2017 20:08:00;4;6
0;Grand Parade;-8.47536977381303;51.89748023175811;13-07-2017 20:08:00;7;9
0;Peace Park;-8.47347588279142;51.89619469926869;13-07-2017 20:08:00;13;5
0;South Gate Bridge;-8.47586514429047;51.89549439125871;13-07-2017 20:08:00;10;2
0;Coburg St.;-8.47056736;51.90155283;13-07-2017 20:08:00;20;8
0;Emmet Place;-8.47270466388061;51.90020812214529;13-07-2017 20:08:00;17;3
0;South Mall;-8.46989982762231;51.89683855516081;13-07-2017 20:08:00;8;20
0;College of Commerce;-8.469797;51.8953;13-07-2017 20:08:00;16;4
0;Father Mathew Statue;-8.4706278;51.89967344;13-07-2017 20:08:00;5;10
0;Cork School of Music;-8.46809252166047;51.89631707505499;13-07-2017 20:08:00;9;6
1;Brian Boru Bridge;-8.465153;51.900405;13-07-2017 20:08:00;0;0
0;Bus Station;-8.46695074;51.89951532;13-07-2017 20:08:00;9;11
0;Cork City Hall;-8.466;51.897;13-07-2017 20:08:00;5;8
0;Lower Glanmire Rd.;-8.46411816;51.90137057;13-07-2017 20:08:00;15;6
0;Clontarf Street;-8.46562933177544;51.89848186918711;13-07-2017 20:08:00;1;8
0;Kent Station;-8.45821512;51.90196195;13-07-2017 20:08:00;16;13
0;Gaol Walk;-8.494174;51.893604;13-07-2017 20:13:00;7;17
0;Fitzgerald's Park;-8.49341266;51.89555327;13-07-2017 20:13:00;7;5
0;Bandfield;-8.4891363;51.89580557;13-07-2017 20:13:00;7;25
0;Dyke Parade;-8.48458467;51.89718531;13-07-2017 20:13:00;7;3
0;Mercy Hospital;-8.48225676;51.89911495;13-07-2017 20:13:00;2;11
0;St. Fin Barre's Bridge;-8.48196155;51.89710212;13-07-2017 20:13:00;14;6
0;Pope's Quay;-8.477385;51.901632;13-07-2017 20:13:00;3;15
0;North Main St.;-8.47844005;51.89974733;13-07-2017 20:13:00;6;9
0;Grattan St.;-8.47977966;51.8984737;13-07-2017 20:13:00;5;4
0;Wandesford Quay;-8.48004;51.896492;13-07-2017 20:13:00;11;10
0;Bishop St.;-8.4790268;51.89468826;13-07-2017 20:13:00;7;7
0;Camden Quay;-8.473342;51.901054;13-07-2017 20:13:00;10;10
0;Corn Market St.;-8.477;51.9;13-07-2017 20:13:00;15;7
0;Lapp's Quay;-8.465735;51.898144;13-07-2017 20:13:00;5;23
0;St. Patricks St.;-8.47261531;51.89850471;13-07-2017 20:13:00;13;6
0;South Main St.;-8.47689553164735;51.89694605306899;13-07-2017 20:13:00;4;6
0;Grand Parade;-8.47536977381303;51.89748023175811;13-07-2017 20:13:00;7;9
0;Peace Park;-8.47347588279142;51.89619469926869;13-07-2017 20:13:00;13;5
0;South Gate Bridge;-8.47586514429047;51.89549439125871;13-07-2017 20:13:00;10;2
0;Coburg St.;-8.47056736;51.90155283;13-07-2017 20:13:00;19;9
0;Emmet Place;-8.47270466388061;51.90020812214529;13-07-2017 20:13:00;13;7
0;South Mall;-8.46989982762231;51.89683855516081;13-07-2017 20:13:00;8;20
0;College of Commerce;-8.469797;51.8953;13-07-2017 20:13:00;16;4
0;Father Mathew Statue;-8.4706278;51.89967344;13-07-2017 20:13:00;5;10
0;Cork School of Music;-8.46809252166047;51.89631707505499;13-07-2017 20:13:00;9;6
1;Brian Boru Bridge;-8.465153;51.900405;13-07-2017 20:13:00;0;0
0;Bus Station;-8.46695074;51.89951532;13-07-2017 20:13:00;9;11
0;Cork City Hall;-8.466;51.897;13-07-2017 20:13:00;5;8
0;Lower Glanmire Rd.;-8.46411816;51.90137057;13-07-2017 20:13:00;16;4
0;Clontarf Street;-8.46562933177544;51.89848186918711;13-07-2017 20:13:00;1;8
0;Kent Station;-8.45821512;51.90196195;13-07-2017 20:13:00;17;12
0;Gaol Walk;-8.494174;51.893604;13-07-2017 20:18:00;6;18
0;Fitzgerald's Park;-8.49341266;51.89555327;13-07-2017 20:18:00;6;6
0;Bandfield;-8.4891363;51.89580557;13-07-2017 20:18:00;7;25
0;Dyke Parade;-8.48458467;51.89718531;13-07-2017 20:18:00;7;3
0;Mercy Hospital;-8.48225676;51.89911495;13-07-2017 20:18:00;2;11
0;St. Fin Barre's Bridge;-8.48196155;51.89710212;13-07-2017 20:18:00;14;6
0;Pope's Quay;-8.477385;51.901632;13-07-2017 20:18:00;3;15
0;North Main St.;-8.47844005;51.89974733;13-07-2017 20:18:00;6;9
0;Grattan St.;-8.47977966;51.8984737;13-07-2017 20:18:00;5;4
0;Wandesford Quay;-8.48004;51.896492;13-07-2017 20:18:00;11;10
0;Bishop St.;-8.4790268;51.89468826;13-07-2017 20:18:00;7;7
0;Camden Quay;-8.473342;51.901054;13-07-2017 20:18:00;10;10
0;Corn Market St.;-8.477;51.9;13-07-2017 20:18:00;15;7
0;Lapp's Quay;-8.465735;51.898144;13-07-2017 20:18:00;5;23
0;St. Patricks St.;-8.47261531;51.89850471;13-07-2017 20:18:00;13;6
0;South Main St.;-8.47689553164735;51.89694605306899;13-07-2017 20:18:00;4;6
0;Grand Parade;-8.47536977381303;51.89748023175811;13-07-2017 20:18:00;6;10
0;Peace Park;-8.47347588279142;51.89619469926869;13-07-2017 20:18:00;13;5
0;South Gate Bridge;-8.47586514429047;51.89549439125871;13-07-2017 20:18:00;10;2
0;Coburg St.;-8.47056736;51.90155283;13-07-2017 20:18:00;19;9
0;Emmet Place;-8.47270466388061;51.90020812214529;13-07-2017 20:18:00;13;7
0;South Mall;-8.46989982762231;51.89683855516081;13-07-2017 20:18:00;8;20
0;College of Commerce;-8.469797;51.8953;13-07-2017 20:18:00;16;4
0;Father Mathew Statue;-8.4706278;51.89967344;13-07-2017 20:18:00;5;10
0;Cork School of Music;-8.46809252166047;51.89631707505499;13-07-2017 20:18:00;9;6
1;Brian Boru Bridge;-8.465153;51.900405;13-07-2017 20:18:00;0;0
0;Bus Station;-8.46695074;51.89951532;13-07-2017 20:18:00;9;11
0;Cork City Hall;-8.466;51.897;13-07-2017 20:18:00;5;8
0;Lower Glanmire Rd.;-8.46411816;51.90137057;13-07-2017 20:18:00;16;4
0;Clontarf Street;-8.46562933177544;51.89848186918711;13-07-2017 20:18:00;1;8
0;Kent Station;-8.45821512;51.90196195;13-07-2017 20:18:00;18;11
0;Gaol Walk;-8.494174;51.893604;13-07-2017 20:23:00;6;18
0;Fitzgerald's Park;-8.49341266;51.89555327;13-07-2017 20:23:00;6;6
0;Bandfield;-8.4891363;51.89580557;13-07-2017 20:23:00;7;25
0;Dyke Parade;-8.48458467;51.89718531;13-07-2017 20:23:00;7;3
0;Mercy Hospital;-8.48225676;51.89911495;13-07-2017 20:23:00;3;10
0;St. Fin Barre's Bridge;-8.48196155;51.89710212;13-07-2017 20:23:00;13;7
0;Pope's Quay;-8.477385;51.901632;13-07-2017 20:23:00;3;15
0;North Main St.;-8.47844005;51.89974733;13-07-2017 20:23:00;6;9
0;Grattan St.;-8.47977966;51.8984737;13-07-2017 20:23:00;5;4
0;Wandesford Quay;-8.48004;51.896492;13-07-2017 20:23:00;11;10
0;Bishop St.;-8.4790268;51.89468826;13-07-2017 20:23:00;7;7
0;Camden Quay;-8.473342;51.901054;13-07-2017 20:23:00;9;11
0;Corn Market St.;-8.477;51.9;13-07-2017 20:23:00;15;7
0;Lapp's Quay;-8.465735;51.898144;13-07-2017 20:23:00;5;23
0;St. Patricks St.;-8.47261531;51.89850471;13-07-2017 20:23:00;13;6
0;South Main St.;-8.47689553164735;51.89694605306899;13-07-2017 20:23:00;4;6
0;Grand Parade;-8.47536977381303;51.89748023175811;13-07-2017 20:23:00;6;10
0;Peace Park;-8.47347588279142;51.89619469926869;13-07-2017 20:23:00;13;5
0;South Gate Bridge;-8.47586514429047;51.89549439125871;13-07-2017 20:23:00;11;1
0;Coburg St.;-8.47056736;51.90155283;13-07-2017 20:23:00;20;8
0;Emmet Place;-8.47270466388061;51.90020812214529;13-07-2017 20:23:00;13;7
0;South Mall;-8.46989982762231;51.89683855516081;13-07-2017 20:23:00;8;20
0;College of Commerce;-8.469797;51.8953;13-07-2017 20:23:00;17;3
0;Father Mathew Statue;-8.4706278;51.89967344;13-07-2017 20:23:00;5;10
0;Cork School of Music;-8.46809252166047;51.89631707505499;13-07-2017 20:23:00;9;6
1;Brian Boru Bridge;-8.465153;51.900405;13-07-2017 20:23:00;0;0
0;Bus Station;-8.46695074;51.89951532;13-07-2017 20:23:00;9;11
0;Cork City Hall;-8.466;51.897;13-07-2017 20:23:00;5;8
0;Lower Glanmire Rd.;-8.46411816;51.90137057;13-07-2017 20:23:00;16;4
0;Clontarf Street;-8.46562933177544;51.89848186918711;13-07-2017 20:23:00;4;5
0;Kent Station;-8.45821512;51.90196195;13-07-2017 20:23:00;18;11
0;Gaol Walk;-8.494174;51.893604;13-07-2017 20:28:00;6;18
0;Fitzgerald's Park;-8.49341266;51.89555327;13-07-2017 20:28:00;5;7
0;Bandfield;-8.4891363;51.89580557;13-07-2017 20:28:00;5;27
0;Dyke Parade;-8.48458467;51.89718531;13-07-2017 20:28:00;7;3
0;Mercy Hospital;-8.48225676;51.89911495;13-07-2017 20:28:00;3;10
0;St. Fin Barre's Bridge;-8.48196155;51.89710212;13-07-2017 20:28:00;15;5
0;Pope's Quay;-8.477385;51.901632;13-07-2017 20:28:00;3;15
0;North Main St.;-8.47844005;51.89974733;13-07-2017 20:28:00;6;9
0;Grattan St.;-8.47977966;51.8984737;13-07-2017 20:28:00;5;4
0;Wandesford Quay;-8.48004;51.896492;13-07-2017 20:28:00;11;10
0;Bishop St.;-8.4790268;51.89468826;13-07-2017 20:28:00;7;7
0;Camden Quay;-8.473342;51.901054;13-07-2017 20:28:00;9;11
0;Corn Market St.;-8.477;51.9;13-07-2017 20:28:00;15;7
0;Lapp's Quay;-8.465735;51.898144;13-07-2017 20:28:00;5;23
0;St. Patricks St.;-8.47261531;51.89850471;13-07-2017 20:28:00;13;6
0;South Main St.;-8.47689553164735;51.89694605306899;13-07-2017 20:28:00;4;6
0;Grand Parade;-8.47536977381303;51.89748023175811;13-07-2017 20:28:00;6;10
0;Peace Park;-8.47347588279142;51.89619469926869;13-07-2017 20:28:00;13;5
0;South Gate Bridge;-8.47586514429047;51.89549439125871;13-07-2017 20:28:00;11;1
0;Coburg St.;-8.47056736;51.90155283;13-07-2017 20:28:00;20;8
0;Emmet Place;-8.47270466388061;51.90020812214529;13-07-2017 20:28:00;13;7
0;South Mall;-8.46989982762231;51.89683855516081;13-07-2017 20:28:00;8;20
0;College of Commerce;-8.469797;51.8953;13-07-2017 20:28:00;16;5
0;Father Mathew Statue;-8.4706278;51.89967344;13-07-2017 20:28:00;5;10
0;Cork School of Music;-8.46809252166047;51.89631707505499;13-07-2017 20:28:00;9;6
1;Brian Boru Bridge;-8.465153;51.900405;13-07-2017 20:28:00;0;0
0;Bus Station;-8.46695074;51.89951532;13-07-2017 20:28:00;9;11
0;Cork City Hall;-8.466;51.897;13-07-2017 20:28:00;5;8
0;Lower Glanmire Rd.;-8.46411816;51.90137057;13-07-2017 20:28:00;16;4
0;Clontarf Street;-8.46562933177544;51.89848186918711;13-07-2017 20:28:00;4;5
0;Kent Station;-8.45821512;51.90196195;13-07-2017 20:28:00;18;11
0;Gaol Walk;-8.494174;51.893604;13-07-2017 20:33:00;6;18
0;Fitzgerald's Park;-8.49341266;51.89555327;13-07-2017 20:33:00;3;9
0;Bandfield;-8.4891363;51.89580557;13-07-2017 20:33:00;8;24
0;Dyke Parade;-8.48458467;51.89718531;13-07-2017 20:33:00;7;3
0;Mercy Hospital;-8.48225676;51.89911495;13-07-2017 20:33:00;3;10
0;St. Fin Barre's Bridge;-8.48196155;51.89710212;13-07-2017 20:33:00;15;5
0;Pope's Quay;-8.477385;51.901632;13-07-2017 20:33:00;4;14
0;North Main St.;-8.47844005;51.89974733;13-07-2017 20:33:00;6;9
0;Grattan St.;-8.47977966;51.8984737;13-07-2017 20:33:00;5;4
0;Wandesford Quay;-8.48004;51.896492;13-07-2017 20:33:00;11;10
0;Bishop St.;-8.4790268;51.89468826;13-07-2017 20:33:00;7;7
0;Camden Quay;-8.473342;51.901054;13-07-2017 20:33:00;9;11
0;Corn Market St.;-8.477;51.9;13-07-2017 20:33:00;15;7
0;Lapp's Quay;-8.465735;51.898144;13-07-2017 20:33:00;5;23
0;St. Patricks St.;-8.47261531;51.89850471;13-07-2017 20:33:00;12;7
0;South Main St.;-8.47689553164735;51.89694605306899;13-07-2017 20:33:00;4;6
0;Grand Parade;-8.47536977381303;51.89748023175811;13-07-2017 20:33:00;6;10
0;Peace Park;-8.47347588279142;51.89619469926869;13-07-2017 20:33:00;13;5
0;South Gate Bridge;-8.47586514429047;51.89549439125871;13-07-2017 20:33:00;11;1
0;Coburg St.;-8.47056736;51.90155283;13-07-2017 20:33:00;19;9
0;Emmet Place;-8.47270466388061;51.90020812214529;13-07-2017 20:33:00;13;7
0;South Mall;-8.46989982762231;51.89683855516081;13-07-2017 20:33:00;8;20
0;College of Commerce;-8.469797;51.8953;13-07-2017 20:33:00;16;4
0;Father Mathew Statue;-8.4706278;51.89967344;13-07-2017 20:33:00;4;11
0;Cork School of Music;-8.46809252166047;51.89631707505499;13-07-2017 20:33:00;9;6
1;Brian Boru Bridge;-8.465153;51.900405;13-07-2017 20:33:00;0;0
0;Bus Station;-8.46695074;51.89951532;13-07-2017 20:33:00;9;11
0;Cork City Hall;-8.466;51.897;13-07-2017 20:33:00;4;9
0;Lower Glanmire Rd.;-8.46411816;51.90137057;13-07-2017 20:33:00;16;4
0;Clontarf Street;-8.46562933177544;51.89848186918711;13-07-2017 20:33:00;4;5
0;Kent Station;-8.45821512;51.90196195;13-07-2017 20:33:00;18;11
0;Gaol Walk;-8.494174;51.893604;13-07-2017 20:38:00;7;17
0;Fitzgerald's Park;-8.49341266;51.89555327;13-07-2017 20:38:00;8;4
0;Bandfield;-8.4891363;51.89580557;13-07-2017 20:38:00;11;21
0;Dyke Parade;-8.48458467;51.89718531;13-07-2017 20:38:00;7;3
0;Mercy Hospital;-8.48225676;51.89911495;13-07-2017 20:38:00;3;10
0;St. Fin Barre's Bridge;-8.48196155;51.89710212;13-07-2017 20:38:00;17;3
0;Pope's Quay;-8.477385;51.901632;13-07-2017 20:38:00;4;14
0;North Main St.;-8.47844005;51.89974733;13-07-2017 20:38:00;6;9
0;Grattan St.;-8.47977966;51.8984737;13-07-2017 20:38:00;5;4
0;Wandesford Quay;-8.48004;51.896492;13-07-2017 20:38:00;11;10
0;Bishop St.;-8.4790268;51.89468826;13-07-2017 20:38:00;8;6
0;Camden Quay;-8.473342;51.901054;13-07-2017 20:38:00;9;11
0;Corn Market St.;-8.477;51.9;13-07-2017 20:38:00;15;7
0;Lapp's Quay;-8.465735;51.898144;13-07-2017 20:38:00;5;23
0;St. Patricks St.;-8.47261531;51.89850471;13-07-2017 20:38:00;12;7
0;South Main St.;-8.47689553164735;51.89694605306899;13-07-2017 20:38:00;4;6
0;Grand Parade;-8.47536977381303;51.89748023175811;13-07-2017 20:38:00;6;10
0;Peace Park;-8.47347588279142;51.89619469926869;13-07-2017 20:38:00;13;5
0;South Gate Bridge;-8.47586514429047;51.89549439125871;13-07-2017 20:38:00;11;1
0;Coburg St.;-8.47056736;51.90155283;13-07-2017 20:38:00;19;9
0;Emmet Place;-8.47270466388061;51.90020812214529;13-07-2017 20:38:00;13;7
0;South Mall;-8.46989982762231;51.89683855516081;13-07-2017 20:38:00;8;20
0;College of Commerce;-8.469797;51.8953;13-07-2017 20:38:00;16;4
0;Father Mathew Statue;-8.4706278;51.89967344;13-07-2017 20:38:00;4;11
0;Cork School of Music;-8.46809252166047;51.89631707505499;13-07-2017 20:38:00;9;6
1;Brian Boru Bridge;-8.465153;51.900405;13-07-2017 20:38:00;0;0
0;Bus Station;-8.46695074;51.89951532;13-07-2017 20:38:00;9;11
0;Cork City Hall;-8.466;51.897;13-07-2017 20:38:00;3;10
0;Lower Glanmire Rd.;-8.46411816;51.90137057;13-07-2017 20:38:00;16;4
0;Clontarf Street;-8.46562933177544;51.89848186918711;13-07-2017 20:38:00;4;5
0;Kent Station;-8.45821512;51.90196195;13-07-2017 20:38:00;19;10
0;Gaol Walk;-8.494174;51.893604;13-07-2017 20:43:00;7;17
0;Fitzgerald's Park;-8.49341266;51.89555327;13-07-2017 20:43:00;8;4
0;Bandfield;-8.4891363;51.89580557;13-07-2017 20:43:00;11;21
0;Dyke Parade;-8.48458467;51.89718531;13-07-2017 20:43:00;7;3
0;Mercy Hospital;-8.48225676;51.89911495;13-07-2017 20:43:00;3;10
0;St. Fin Barre's Bridge;-8.48196155;51.89710212;13-07-2017 20:43:00;16;3
0;Pope's Quay;-8.477385;51.901632;13-07-2017 20:43:00;3;15
0;North Main St.;-8.47844005;51.89974733;13-07-2017 20:43:00;7;8
0;Grattan St.;-8.47977966;51.8984737;13-07-2017 20:43:00;5;4
0;Wandesford Quay;-8.48004;51.896492;13-07-2017 20:43:00;11;10
0;Bishop St.;-8.4790268;51.89468826;13-07-2017 20:43:00;8;6
0;Camden Quay;-8.473342;51.901054;13-07-2017 20:43:00;9;11
0;Corn Market St.;-8.477;51.9;13-07-2017 20:43:00;15;7
0;Lapp's Quay;-8.465735;51.898144;13-07-2017 20:43:00;5;23
0;St. Patricks St.;-8.47261531;51.89850471;13-07-2017 20:43:00;11;8
0;South Main St.;-8.47689553164735;51.89694605306899;13-07-2017 20:43:00;4;6
0;Grand Parade;-8.47536977381303;51.89748023175811;13-07-2017 20:43:00;6;10
0;Peace Park;-8.47347588279142;51.89619469926869;13-07-2017 20:43:00;13;5
0;South Gate Bridge;-8.47586514429047;51.89549439125871;13-07-2017 20:43:00;11;1
0;Coburg St.;-8.47056736;51.90155283;13-07-2017 20:43:00;19;9
0;Emmet Place;-8.47270466388061;51.90020812214529;13-07-2017 20:43:00;13;7
0;South Mall;-8.46989982762231;51.89683855516081;13-07-2017 20:43:00;8;20
0;College of Commerce;-8.469797;51.8953;13-07-2017 20:43:00;15;5
0;Father Mathew Statue;-8.4706278;51.89967344;13-07-2017 20:43:00;4;11
0;Cork School of Music;-8.46809252166047;51.89631707505499;13-07-2017 20:43:00;9;6
1;Brian Boru Bridge;-8.465153;51.900405;13-07-2017 20:43:00;0;0
0;Bus Station;-8.46695074;51.89951532;13-07-2017 20:43:00;9;11
0;Cork City Hall;-8.466;51.897;13-07-2017 20:43:00;3;10
0;Lower Glanmire Rd.;-8.46411816;51.90137057;13-07-2017 20:43:00;16;4
0;Clontarf Street;-8.46562933177544;51.89848186918711;13-07-2017 20:43:00;3;6
0;Kent Station;-8.45821512;51.90196195;13-07-2017 20:43:00;19;10
0;Gaol Walk;-8.494174;51.893604;13-07-2017 20:48:00;8;16
0;Fitzgerald's Park;-8.49341266;51.89555327;13-07-2017 20:48:00;9;3
0;Bandfield;-8.4891363;51.89580557;13-07-2017 20:48:00;10;22
0;Dyke Parade;-8.48458467;51.89718531;13-07-2017 20:48:00;7;3
0;Mercy Hospital;-8.48225676;51.89911495;13-07-2017 20:48:00;4;9
0;St. Fin Barre's Bridge;-8.48196155;51.89710212;13-07-2017 20:48:00;17;2
0;Pope's Quay;-8.477385;51.901632;13-07-2017 20:48:00;3;15
0;North Main St.;-8.47844005;51.89974733;13-07-2017 20:48:00;7;8
0;Grattan St.;-8.47977966;51.8984737;13-07-2017 20:48:00;5;4
0;Wandesford Quay;-8.48004;51.896492;13-07-2017 20:48:00;11;10
0;Bishop St.;-8.4790268;51.89468826;13-07-2017 20:48:00;8;6
0;Camden Quay;-8.473342;51.901054;13-07-2017 20:48:00;8;12
0;Corn Market St.;-8.477;51.9;13-07-2017 20:48:00;15;7
0;Lapp's Quay;-8.465735;51.898144;13-07-2017 20:48:00;5;23
0;St. Patricks St.;-8.47261531;51.89850471;13-07-2017 20:48:00;11;8
0;South Main St.;-8.47689553164735;51.89694605306899;13-07-2017 20:48:00;4;6
0;Grand Parade;-8.47536977381303;51.89748023175811;13-07-2017 20:48:00;6;10
0;Peace Park;-8.47347588279142;51.89619469926869;13-07-2017 20:48:00;13;5
0;South Gate Bridge;-8.47586514429047;51.89549439125871;13-07-2017 20:48:00;11;1
0;Coburg St.;-8.47056736;51.90155283;13-07-2017 20:48:00;19;9
0;Emmet Place;-8.47270466388061;51.90020812214529;13-07-2017 20:48:00;13;7
0;South Mall;-8.46989982762231;51.89683855516081;13-07-2017 20:48:00;8;20
0;College of Commerce;-8.469797;51.8953;13-07-2017 20:48:00;16;4
0;Father Mathew Statue;-8.4706278;51.89967344;13-07-2017 20:48:00;5;10
0;Cork School of Music;-8.46809252166047;51.89631707505499;13-07-2017 20:48:00;9;6
1;Brian Boru Bridge;-8.465153;51.900405;13-07-2017 20:48:00;0;0
0;Bus Station;-8.46695074;51.89951532;13-07-2017 20:48:00;9;11
0;Cork City Hall;-8.466;51.897;13-07-2017 20:48:00;3;10
0;Lower Glanmire Rd.;-8.46411816;51.90137057;13-07-2017 20:48:00;16;4
0;Clontarf Street;-8.46562933177544;51.89848186918711;13-07-2017 20:48:00;3;6
0;Kent Station;-8.45821512;51.90196195;13-07-2017 20:48:00;21;8
0;Gaol Walk;-8.494174;51.893604;13-07-2017 20:53:00;8;16
0;Fitzgerald's Park;-8.49341266;51.89555327;13-07-2017 20:53:00;10;2
0;Bandfield;-8.4891363;51.89580557;13-07-2017 20:53:00;10;22
0;Dyke Parade;-8.48458467;51.89718531;13-07-2017 20:53:00;6;4
0;Mercy Hospital;-8.48225676;51.89911495;13-07-2017 20:53:00;4;9
0;St. Fin Barre's Bridge;-8.48196155;51.89710212;13-07-2017 20:53:00;17;2
0;Pope's Quay;-8.477385;51.901632;13-07-2017 20:53:00;3;15
0;North Main St.;-8.47844005;51.89974733;13-07-2017 20:53:00;7;8
0;Grattan St.;-8.47977966;51.8984737;13-07-2017 20:53:00;5;4
0;Wandesford Quay;-8.48004;51.896492;13-07-2017 20:53:00;11;10
0;Bishop St.;-8.4790268;51.89468826;13-07-2017 20:53:00;8;6
0;Camden Quay;-8.473342;51.901054;13-07-2017 20:53:00;8;12
0;Corn Market St.;-8.477;51.9;13-07-2017 20:53:00;15;7
0;Lapp's Quay;-8.465735;51.898144;13-07-2017 20:53:00;5;23
0;St. Patricks St.;-8.47261531;51.89850471;13-07-2017 20:53:00;11;8
0;South Main St.;-8.47689553164735;51.89694605306899;13-07-2017 20:53:00;4;6
0;Grand Parade;-8.47536977381303;51.89748023175811;13-07-2017 20:53:00;6;10
0;Peace Park;-8.47347588279142;51.89619469926869;13-07-2017 20:53:00;14;4
0;South Gate Bridge;-8.47586514429047;51.89549439125871;13-07-2017 20:53:00;6;6
0;Coburg St.;-8.47056736;51.90155283;13-07-2017 20:53:00;19;9
0;Emmet Place;-8.47270466388061;51.90020812214529;13-07-2017 20:53:00;13;7
0;South Mall;-8.46989982762231;51.89683855516081;13-07-2017 20:53:00;8;20
0;College of Commerce;-8.469797;51.8953;13-07-2017 20:53:00;16;4
0;Father Mathew Statue;-8.4706278;51.89967344;13-07-2017 20:53:00;5;10
0;Cork School of Music;-8.46809252166047;51.89631707505499;13-07-2017 20:53:00;9;6
1;Brian Boru Bridge;-8.465153;51.900405;13-07-2017 20:53:00;0;0
0;Bus Station;-8.46695074;51.89951532;13-07-2017 20:53:00;9;11
0;Cork City Hall;-8.466;51.897;13-07-2017 20:53:00;3;10
0;Lower Glanmire Rd.;-8.46411816;51.90137057;13-07-2017 20:53:00;16;4
0;Clontarf Street;-8.46562933177544;51.89848186918711;13-07-2017 20:53:00;3;6
0;Kent Station;-8.45821512;51.90196195;13-07-2017 20:53:00;20;9
0;Gaol Walk;-8.494174;51.893604;13-07-2017 20:58:00;8;16
0;Fitzgerald's Park;-8.49341266;51.89555327;13-07-2017 20:58:00;11;1
0;Bandfield;-8.4891363;51.89580557;13-07-2017 20:58:00;10;22
0;Dyke Parade;-8.48458467;51.89718531;13-07-2017 20:58:00;7;3
0;Mercy Hospital;-8.48225676;51.89911495;13-07-2017 20:58:00;4;9
0;St. Fin Barre's Bridge;-8.48196155;51.89710212;13-07-2017 20:58:00;17;2
0;Pope's Quay;-8.477385;51.901632;13-07-2017 20:58:00;3;15
0;North Main St.;-8.47844005;51.89974733;13-07-2017 20:58:00;7;8
0;Grattan St.;-8.47977966;51.8984737;13-07-2017 20:58:00;5;4
0;Wandesford Quay;-8.48004;51.896492;13-07-2017 20:58:00;11;10
0;Bishop St.;-8.4790268;51.89468826;13-07-2017 20:58:00;8;6
0;Camden Quay;-8.473342;51.901054;13-07-2017 20:58:00;9;11
0;Corn Market St.;-8.477;51.9;13-07-2017 20:58:00;15;7
0;Lapp's Quay;-8.465735;51.898144;13-07-2017 20:58:00;5;23
0;St. Patricks St.;-8.47261531;51.89850471;13-07-2017 20:58:00;11;8
0;South Main St.;-8.47689553164735;51.89694605306899;13-07-2017 20:58:00;4;6
0;Grand Parade;-8.47536977381303;51.89748023175811;13-07-2017 20:58:00;6;10
0;Peace Park;-8.47347588279142;51.89619469926869;13-07-2017 20:58:00;14;4
0;South Gate Bridge;-8.47586514429047;51.89549439125871;13-07-2017 20:58:00;4;8
0;Coburg St.;-8.47056736;51.90155283;13-07-2017 20:58:00;19;9
0;Emmet Place;-8.47270466388061;51.90020812214529;13-07-2017 20:58:00;13;7
0;South Mall;-8.46989982762231;51.89683855516081;13-07-2017 20:58:00;8;20
0;College of Commerce;-8.469797;51.8953;13-07-2017 20:58:00;16;4
0;Father Mathew Statue;-8.4706278;51.89967344;13-07-2017 20:58:00;5;10
0;Cork School of Music;-8.46809252166047;51.89631707505499;13-07-2017 20:58:00;9;6
1;Brian Boru Bridge;-8.465153;51.900405;13-07-2017 20:58:00;0;0
0;Bus Station;-8.46695074;51.89951532;13-07-2017 20:58:00;9;11
0;Cork City Hall;-8.466;51.897;13-07-2017 20:58:00;2;11
0;Lower Glanmire Rd.;-8.46411816;51.90137057;13-07-2017 20:58:00;16;4
0;Clontarf Street;-8.46562933177544;51.89848186918711;13-07-2017 20:58:00;3;6
0;Kent Station;-8.45821512;51.90196195;13-07-2017 20:58:00;20;9
0;Gaol Walk;-8.494174;51.893604;13-07-2017 21:03:00;8;16
0;Fitzgerald's Park;-8.49341266;51.89555327;13-07-2017 21:03:00;11;1
0;Bandfield;-8.4891363;51.89580557;13-07-2017 21:03:00;10;22
0;Dyke Parade;-8.48458467;51.89718531;13-07-2017 21:03:00;7;3
0;Mercy Hospital;-8.48225676;51.89911495;13-07-2017 21:03:00;4;9
0;St. Fin Barre's Bridge;-8.48196155;51.89710212;13-07-2017 21:03:00;17;2
0;Pope's Quay;-8.477385;51.901632;13-07-2017 21:03:00;3;15
0;North Main St.;-8.47844005;51.89974733;13-07-2017 21:03:00;7;8
0;Grattan St.;-8.47977966;51.8984737;13-07-2017 21:03:00;5;4
0;Wandesford Quay;-8.48004;51.896492;13-07-2017 21:03:00;11;10
0;Bishop St.;-8.4790268;51.89468826;13-07-2017 21:03:00;8;6
0;Camden Quay;-8.473342;51.901054;13-07-2017 21:03:00;9;11
0;Corn Market St.;-8.477;51.9;13-07-2017 21:03:00;15;7
0;Lapp's Quay;-8.465735;51.898144;13-07-2017 21:03:00;5;23
0;St. Patricks St.;-8.47261531;51.89850471;13-07-2017 21:03:00;10;9
0;South Main St.;-8.47689553164735;51.89694605306899;13-07-2017 21:03:00;4;6
0;Grand Parade;-8.47536977381303;51.89748023175811;13-07-2017 21:03:00;5;11
0;Peace Park;-8.47347588279142;51.89619469926869;13-07-2017 21:03:00;14;4
0;South Gate Bridge;-8.47586514429047;51.89549439125871;13-07-2017 21:03:00;4;8
0;Coburg St.;-8.47056736;51.90155283;13-07-2017 21:03:00;19;9
0;Emmet Place;-8.47270466388061;51.90020812214529;13-07-2017 21:03:00;13;7
0;South Mall;-8.46989982762231;51.89683855516081;13-07-2017 21:03:00;8;20
0;College of Commerce;-8.469797;51.8953;13-07-2017 21:03:00;16;4
0;Father Mathew Statue;-8.4706278;51.89967344;13-07-2017 21:03:00;5;10
0;Cork School of Music;-8.46809252166047;51.89631707505499;13-07-2017 21:03:00;9;6
1;Brian Boru Bridge;-8.465153;51.900405;13-07-2017 21:03:00;0;0
0;Bus Station;-8.46695074;51.89951532;13-07-2017 21:03:00;9;11
0;Cork City Hall;-8.466;51.897;13-07-2017 21:03:00;2;11
0;Lower Glanmire Rd.;-8.46411816;51.90137057;13-07-2017 21:03:00;16;4
0;Clontarf Street;-8.46562933177544;51.89848186918711;13-07-2017 21:03:00;2;7
0;Kent Station;-8.45821512;51.90196195;13-07-2017 21:03:00;21;8
0;Gaol Walk;-8.494174;51.893604;13-07-2017 21:08:00;6;18
0;Fitzgerald's Park;-8.49341266;51.89555327;13-07-2017 21:08:00;11;1
0;Bandfield;-8.4891363;51.89580557;13-07-2017 21:08:00;10;22
0;Dyke Parade;-8.48458467;51.89718531;13-07-2017 21:08:00;7;3
0;Mercy Hospital;-8.48225676;51.89911495;13-07-2017 21:08:00;4;9
0;St. Fin Barre's Bridge;-8.48196155;51.89710212;13-07-2017 21:08:00;17;2
0;Pope's Quay;-8.477385;51.901632;13-07-2017 21:08:00;5;13
0;North Main St.;-8.47844005;51.89974733;13-07-2017 21:08:00;7;8
0;Grattan St.;-8.47977966;51.8984737;13-07-2017 21:08:00;5;4
0;Wandesford Quay;-8.48004;51.896492;13-07-2017 21:08:00;11;10
0;Bishop St.;-8.4790268;51.89468826;13-07-2017 21:08:00;8;6
0;Camden Quay;-8.473342;51.901054;13-07-2017 21:08:00;8;12
0;Corn Market St.;-8.477;51.9;13-07-2017 21:08:00;15;7
0;Lapp's Quay;-8.465735;51.898144;13-07-2017 21:08:00;5;23
0;St. Patricks St.;-8.47261531;51.89850471;13-07-2017 21:08:00;10;9
0;South Main St.;-8.47689553164735;51.89694605306899;13-07-2017 21:08:00;4;6
0;Grand Parade;-8.47536977381303;51.89748023175811;13-07-2017 21:08:00;5;11
0;Peace Park;-8.47347588279142;51.89619469926869;13-07-2017 21:08:00;14;4
0;South Gate Bridge;-8.47586514429047;51.89549439125871;13-07-2017 21:08:00;4;8
0;Coburg St.;-8.47056736;51.90155283;13-07-2017 21:08:00;19;9
0;Emmet Place;-8.47270466388061;51.90020812214529;13-07-2017 21:08:00;13;7
0;South Mall;-8.46989982762231;51.89683855516081;13-07-2017 21:08:00;8;20
0;College of Commerce;-8.469797;51.8953;13-07-2017 21:08:00;16;4
0;Father Mathew Statue;-8.4706278;51.89967344;13-07-2017 21:08:00;5;10
0;Cork School of Music;-8.46809252166047;51.89631707505499;13-07-2017 21:08:00;9;6
1;Brian Boru Bridge;-8.465153;51.900405;13-07-2017 21:08:00;0;0
0;Bus Station;-8.46695074;51.89951532;13-07-2017 21:08:00;9;11
0;Cork City Hall;-8.466;51.897;13-07-2017 21:08:00;5;8
0;Lower Glanmire Rd.;-8.46411816;51.90137057;13-07-2017 21:08:00;16;4
0;Clontarf Street;-8.46562933177544;51.89848186918711;13-07-2017 21:08:00;2;7
0;Kent Station;-8.45821512;51.90196195;13-07-2017 21:08:00;20;9
0;Gaol Walk;-8.494174;51.893604;13-07-2017 21:13:00;6;18
0;Fitzgerald's Park;-8.49341266;51.89555327;13-07-2017 21:13:00;11;1
0;Bandfield;-8.4891363;51.89580557;13-07-2017 21:13:00;10;22
0;Dyke Parade;-8.48458467;51.89718531;13-07-2017 21:13:00;7;3
0;Mercy Hospital;-8.48225676;51.89911495;13-07-2017 21:13:00;4;9
0;St. Fin Barre's Bridge;-8.48196155;51.89710212;13-07-2017 21:13:00;17;2
0;Pope's Quay;-8.477385;51.901632;13-07-2017 21:13:00;5;13
0;North Main St.;-8.47844005;51.89974733;13-07-2017 21:13:00;7;8
0;Grattan St.;-8.47977966;51.8984737;13-07-2017 21:13:00;5;4
0;Wandesford Quay;-8.48004;51.896492;13-07-2017 21:13:00;11;10
0;Bishop St.;-8.4790268;51.89468826;13-07-2017 21:13:00;8;6
0;Camden Quay;-8.473342;51.901054;13-07-2017 21:13:00;8;12
0;Corn Market St.;-8.477;51.9;13-07-2017 21:13:00;15;7
0;Lapp's Quay;-8.465735;51.898144;13-07-2017 21:13:00;5;23
0;St. Patricks St.;-8.47261531;51.89850471;13-07-2017 21:13:00;10;9
0;South Main St.;-8.47689553164735;51.89694605306899;13-07-2017 21:13:00;4;6
0;Grand Parade;-8.47536977381303;51.89748023175811;13-07-2017 21:13:00;5;11
0;Peace Park;-8.47347588279142;51.89619469926869;13-07-2017 21:13:00;14;4
0;South Gate Bridge;-8.47586514429047;51.89549439125871;13-07-2017 21:13:00;5;7
0;Coburg St.;-8.47056736;51.90155283;13-07-2017 21:13:00;19;9
0;Emmet Place;-8.47270466388061;51.90020812214529;13-07-2017 21:13:00;14;6
0;South Mall;-8.46989982762231;51.89683855516081;13-07-2017 21:13:00;8;20
0;College of Commerce;-8.469797;51.8953;13-07-2017 21:13:00;16;4
0;Father Mathew Statue;-8.4706278;51.89967344;13-07-2017 21:13:00;5;10
0;Cork School of Music;-8.46809252166047;51.89631707505499;13-07-2017 21:13:00;9;6
1;Brian Boru Bridge;-8.465153;51.900405;13-07-2017 21:13:00;0;0
0;Bus Station;-8.46695074;51.89951532;13-07-2017 21:13:00;9;11
0;Cork City Hall;-8.466;51.897;13-07-2017 21:13:00;5;8
0;Lower Glanmire Rd.;-8.46411816;51.90137057;13-07-2017 21:13:00;16;4
0;Clontarf Street;-8.46562933177544;51.89848186918711;13-07-2017 21:13:00;2;7
0;Kent Station;-8.45821512;51.90196195;13-07-2017 21:13:00;14;15
0;Gaol Walk;-8.494174;51.893604;13-07-2017 21:18:00;6;18
0;Fitzgerald's Park;-8.49341266;51.89555327;13-07-2017 21:18:00;10;2
0;Bandfield;-8.4891363;51.89580557;13-07-2017 21:18:00;10;22
0;Dyke Parade;-8.48458467;51.89718531;13-07-2017 21:18:00;7;3
0;Mercy Hospital;-8.48225676;51.89911495;13-07-2017 21:18:00;4;9
0;St. Fin Barre's Bridge;-8.48196155;51.89710212;13-07-2017 21:18:00;17;2
0;Pope's Quay;-8.477385;51.901632;13-07-2017 21:18:00;5;13
0;North Main St.;-8.47844005;51.89974733;13-07-2017 21:18:00;7;8
0;Grattan St.;-8.47977966;51.8984737;13-07-2017 21:18:00;5;4
0;Wandesford Quay;-8.48004;51.896492;13-07-2017 21:18:00;11;10
0;Bishop St.;-8.4790268;51.89468826;13-07-2017 21:18:00;8;6
0;Camden Quay;-8.473342;51.901054;13-07-2017 21:18:00;8;12
0;Corn Market St.;-8.477;51.9;13-07-2017 21:18:00;15;7
0;Lapp's Quay;-8.465735;51.898144;13-07-2017 21:18:00;5;23
0;St. Patricks St.;-8.47261531;51.89850471;13-07-2017 21:18:00;10;9
0;South Main St.;-8.47689553164735;51.89694605306899;13-07-2017 21:18:00;4;6
0;Grand Parade;-8.47536977381303;51.89748023175811;13-07-2017 21:18:00;5;11
0;Peace Park;-8.47347588279142;51.89619469926869;13-07-2017 21:18:00;14;4
0;South Gate Bridge;-8.47586514429047;51.89549439125871;13-07-2017 21:18:00;5;7
0;Coburg St.;-8.47056736;51.90155283;13-07-2017 21:18:00;18;10
0;Emmet Place;-8.47270466388061;51.90020812214529;13-07-2017 21:18:00;13;7
0;South Mall;-8.46989982762231;51.89683855516081;13-07-2017 21:18:00;9;19
0;College of Commerce;-8.469797;51.8953;13-07-2017 21:18:00;16;4
0;Father Mathew Statue;-8.4706278;51.89967344;13-07-2017 21:18:00;6;9
0;Cork School of Music;-8.46809252166047;51.89631707505499;13-07-2017 21:18:00;9;6
1;Brian Boru Bridge;-8.465153;51.900405;13-07-2017 21:18:00;0;0
0;Bus Station;-8.46695074;51.89951532;13-07-2017 21:18:00;9;11
0;Cork City Hall;-8.466;51.897;13-07-2017 21:18:00;5;8
0;Lower Glanmire Rd.;-8.46411816;51.90137057;13-07-2017 21:18:00;17;3
0;Clontarf Street;-8.46562933177544;51.89848186918711;13-07-2017 21:18:00;2;7
0;Kent Station;-8.45821512;51.90196195;13-07-2017 21:18:00;14;15
0;Gaol Walk;-8.494174;51.893604;13-07-2017 21:23:00;6;18
0;Fitzgerald's Park;-8.49341266;51.89555327;13-07-2017 21:23:00;9;3
0;Bandfield;-8.4891363;51.89580557;13-07-2017 21:23:00;10;22
0;Dyke Parade;-8.48458467;51.89718531;13-07-2017 21:23:00;7;3
0;Mercy Hospital;-8.48225676;51.89911495;13-07-2017 21:23:00;4;9
0;St. Fin Barre's Bridge;-8.48196155;51.89710212;13-07-2017 21:23:00;17;2
0;Pope's Quay;-8.477385;51.901632;13-07-2017 21:23:00;6;12
0;North Main St.;-8.47844005;51.89974733;13-07-2017 21:23:00;7;8
0;Grattan St.;-8.47977966;51.8984737;13-07-2017 21:23:00;5;4
0;Wandesford Quay;-8.48004;51.896492;13-07-2017 21:23:00;11;10
0;Bishop St.;-8.4790268;51.89468826;13-07-2017 21:23:00;8;6
0;Camden Quay;-8.473342;51.901054;13-07-2017 21:23:00;8;12
0;Corn Market St.;-8.477;51.9;13-07-2017 21:23:00;15;7
0;Lapp's Quay;-8.465735;51.898144;13-07-2017 21:23:00;5;23
0;St. Patricks St.;-8.47261531;51.89850471;13-07-2017 21:23:00;10;9
0;South Main St.;-8.47689553164735;51.89694605306899;13-07-2017 21:23:00;4;6
0;Grand Parade;-8.47536977381303;51.89748023175811;13-07-2017 21:23:00;6;10
0;Peace Park;-8.47347588279142;51.89619469926869;13-07-2017 21:23:00;14;4
0;South Gate Bridge;-8.47586514429047;51.89549439125871;13-07-2017 21:23:00;5;7
0;Coburg St.;-8.47056736;51.90155283;13-07-2017 21:23:00;18;10
0;Emmet Place;-8.47270466388061;51.90020812214529;13-07-2017 21:23:00;13;7
0;South Mall;-8.46989982762231;51.89683855516081;13-07-2017 21:23:00;9;19
0;College of Commerce;-8.469797;51.8953;13-07-2017 21:23:00;16;4
0;Father Mathew Statue;-8.4706278;51.89967344;13-07-2017 21:23:00;6;9
0;Cork School of Music;-8.46809252166047;51.89631707505499;13-07-2017 21:23:00;8;7
1;Brian Boru Bridge;-8.465153;51.900405;13-07-2017 21:23:00;0;0
0;Bus Station;-8.46695074;51.89951532;13-07-2017 21:23:00;9;11
0;Cork City Hall;-8.466;51.897;13-07-2017 21:23:00;5;8
0;Lower Glanmire Rd.;-8.46411816;51.90137057;13-07-2017 21:23:00;17;3
0;Clontarf Street;-8.46562933177544;51.89848186918711;13-07-2017 21:23:00;2;7
0;Kent Station;-8.45821512;51.90196195;13-07-2017 21:23:00;14;15
0;Gaol Walk;-8.494174;51.893604;13-07-2017 21:28:00;6;18
0;Fitzgerald's Park;-8.49341266;51.89555327;13-07-2017 21:28:00;9;3
0;Bandfield;-8.4891363;51.89580557;13-07-2017 21:28:00;8;24
0;Dyke Parade;-8.48458467;51.89718531;13-07-2017 21:28:00;7;3
0;Mercy Hospital;-8.48225676;51.89911495;13-07-2017 21:28:00;4;9
0;St. Fin Barre's Bridge;-8.48196155;51.89710212;13-07-2017 21:28:00;17;2
0;Pope's Quay;-8.477385;51.901632;13-07-2017 21:28:00;6;12
0;North Main St.;-8.47844005;51.89974733;13-07-2017 21:28:00;6;9
0;Grattan St.;-8.47977966;51.8984737;13-07-2017 21:28:00;5;4
0;Wandesford Quay;-8.48004;51.896492;13-07-2017 21:28:00;12;9
0;Bishop St.;-8.4790268;51.89468826;13-07-2017 21:28:00;8;6
0;Camden Quay;-8.473342;51.901054;13-07-2017 21:28:00;8;12
0;Corn Market St.;-8.477;51.9;13-07-2017 21:28:00;15;7
0;Lapp's Quay;-8.465735;51.898144;13-07-2017 21:28:00;5;23
0;St. Patricks St.;-8.47261531;51.89850471;13-07-2017 21:28:00;11;8
0;South Main St.;-8.47689553164735;51.89694605306899;13-07-2017 21:28:00;4;6
0;Grand Parade;-8.47536977381303;51.89748023175811;13-07-2017 21:28:00;6;10
0;Peace Park;-8.47347588279142;51.89619469926869;13-07-2017 21:28:00;14;4
0;South Gate Bridge;-8.47586514429047;51.89549439125871;13-07-2017 21:28:00;6;6
0;Coburg St.;-8.47056736;51.90155283;13-07-2017 21:28:00;18;10
0;Emmet Place;-8.47270466388061;51.90020812214529;13-07-2017 21:28:00;13;7
0;South Mall;-8.46989982762231;51.89683855516081;13-07-2017 21:28:00;9;19
0;College of Commerce;-8.469797;51.8953;13-07-2017 21:28:00;16;4
0;Father Mathew Statue;-8.4706278;51.89967344;13-07-2017 21:28:00;5;10
0;Cork School of Music;-8.46809252166047;51.89631707505499;13-07-2017 21:28:00;8;7
1;Brian Boru Bridge;-8.465153;51.900405;13-07-2017 21:28:00;0;0
0;Bus Station;-8.46695074;51.89951532;13-07-2017 21:28:00;9;11
0;Cork City Hall;-8.466;51.897;13-07-2017 21:28:00;4;9
0;Lower Glanmire Rd.;-8.46411816;51.90137057;13-07-2017 21:28:00;17;3
0;Clontarf Street;-8.46562933177544;51.89848186918711;13-07-2017 21:28:00;4;5
0;Kent Station;-8.45821512;51.90196195;13-07-2017 21:28:00;14;15
0;Gaol Walk;-8.494174;51.893604;13-07-2017 21:33:00;6;18
0;Fitzgerald's Park;-8.49341266;51.89555327;13-07-2017 21:33:00;10;2
0;Bandfield;-8.4891363;51.89580557;13-07-2017 21:33:00;8;24
0;Dyke Parade;-8.48458467;51.89718531;13-07-2017 21:33:00;7;3
0;Mercy Hospital;-8.48225676;51.89911495;13-07-2017 21:33:00;4;9
0;St. Fin Barre's Bridge;-8.48196155;51.89710212;13-07-2017 21:33:00;17;2
0;Pope's Quay;-8.477385;51.901632;13-07-2017 21:33:00;8;10
0;North Main St.;-8.47844005;51.89974733;13-07-2017 21:33:00;6;9
0;Grattan St.;-8.47977966;51.8984737;13-07-2017 21:33:00;5;4
0;Wandesford Quay;-8.48004;51.896492;13-07-2017 21:33:00;12;9
0;Bishop St.;-8.4790268;51.89468826;13-07-2017 21:33:00;8;6
0;Camden Quay;-8.473342;51.901054;13-07-2017 21:33:00;8;12
0;Corn Market St.;-8.477;51.9;13-07-2017 21:33:00;15;7
0;Lapp's Quay;-8.465735;51.898144;13-07-2017 21:33:00;5;23
0;St. Patricks St.;-8.47261531;51.89850471;13-07-2017 21:33:00;11;8
0;South Main St.;-8.47689553164735;51.89694605306899;13-07-2017 21:33:00;4;6
0;Grand Parade;-8.47536977381303;51.89748023175811;13-07-2017 21:33:00;6;10
0;Peace Park;-8.47347588279142;51.89619469926869;13-07-2017 21:33:00;14;4
0;South Gate Bridge;-8.47586514429047;51.89549439125871;13-07-2017 21:33:00;6;6
0;Coburg St.;-8.47056736;51.90155283;13-07-2017 21:33:00;18;10
0;Emmet Place;-8.47270466388061;51.90020812214529;13-07-2017 21:33:00;13;7
0;South Mall;-8.46989982762231;51.89683855516081;13-07-2017 21:33:00;9;19
0;College of Commerce;-8.469797;51.8953;13-07-2017 21:33:00;16;4
0;Father Mathew Statue;-8.4706278;51.89967344;13-07-2017 21:33:00;5;10
0;Cork School of Music;-8.46809252166047;51.89631707505499;13-07-2017 21:33:00;8;7
1;Brian Boru Bridge;-8.465153;51.900405;13-07-2017 21:33:00;0;0
0;Bus Station;-8.46695074;51.89951532;13-07-2017 21:33:00;9;11
0;Cork City Hall;-8.466;51.897;13-07-2017 21:33:00;4;9
0;Lower Glanmire Rd.;-8.46411816;51.90137057;13-07-2017 21:33:00;17;3
0;Clontarf Street;-8.46562933177544;51.89848186918711;13-07-2017 21:33:00;4;5
0;Kent Station;-8.45821512;51.90196195;13-07-2017 21:33:00;15;14
0;Gaol Walk;-8.494174;51.893604;13-07-2017 21:38:00;6;18
0;Fitzgerald's Park;-8.49341266;51.89555327;13-07-2017 21:38:00;9;3
0;Bandfield;-8.4891363;51.89580557;13-07-2017 21:38:00;8;24
0;Dyke Parade;-8.48458467;51.89718531;13-07-2017 21:38:00;7;3
0;Mercy Hospital;-8.48225676;51.89911495;13-07-2017 21:38:00;4;9
0;St. Fin Barre's Bridge;-8.48196155;51.89710212;13-07-2017 21:38:00;17;2
0;Pope's Quay;-8.477385;51.901632;13-07-2017 21:38:00;8;10
0;North Main St.;-8.47844005;51.89974733;13-07-2017 21:38:00;6;9
0;Grattan St.;-8.47977966;51.8984737;13-07-2017 21:38:00;5;4
0;Wandesford Quay;-8.48004;51.896492;13-07-2017 21:38:00;12;9
0;Bishop St.;-8.4790268;51.89468826;13-07-2017 21:38:00;8;6
0;Camden Quay;-8.473342;51.901054;13-07-2017 21:38:00;8;12
0;Corn Market St.;-8.477;51.9;13-07-2017 21:38:00;15;7
0;Lapp's Quay;-8.465735;51.898144;13-07-2017 21:38:00;5;23
0;St. Patricks St.;-8.47261531;51.89850471;13-07-2017 21:38:00;11;8
0;South Main St.;-8.47689553164735;51.89694605306899;13-07-2017 21:38:00;4;6
0;Grand Parade;-8.47536977381303;51.89748023175811;13-07-2017 21:38:00;6;10
0;Peace Park;-8.47347588279142;51.89619469926869;13-07-2017 21:38:00;14;4
0;South Gate Bridge;-8.47586514429047;51.89549439125871;13-07-2017 21:38:00;6;6
0;Coburg St.;-8.47056736;51.90155283;13-07-2017 21:38:00;17;11
0;Emmet Place;-8.47270466388061;51.90020812214529;13-07-2017 21:38:00;13;7
0;South Mall;-8.46989982762231;51.89683855516081;13-07-2017 21:38:00;9;19
0;College of Commerce;-8.469797;51.8953;13-07-2017 21:38:00;16;4
0;Father Mathew Statue;-8.4706278;51.89967344;13-07-2017 21:38:00;5;10
0;Cork School of Music;-8.46809252166047;51.89631707505499;13-07-2017 21:38:00;8;7
1;Brian Boru Bridge;-8.465153;51.900405;13-07-2017 21:38:00;0;0
0;Bus Station;-8.46695074;51.89951532;13-07-2017 21:38:00;9;11
0;Cork City Hall;-8.466;51.897;13-07-2017 21:38:00;4;9
0;Lower Glanmire Rd.;-8.46411816;51.90137057;13-07-2017 21:38:00;16;4
0;Clontarf Street;-8.46562933177544;51.89848186918711;13-07-2017 21:38:00;4;5
0;Kent Station;-8.45821512;51.90196195;13-07-2017 21:38:00;15;14
0;Gaol Walk;-8.494174;51.893604;13-07-2017 21:43:00;7;17
0;Fitzgerald's Park;-8.49341266;51.89555327;13-07-2017 21:43:00;9;3
0;Bandfield;-8.4891363;51.89580557;13-07-2017 21:43:00;8;24
0;Dyke Parade;-8.48458467;51.89718531;13-07-2017 21:43:00;8;2
0;Mercy Hospital;-8.48225676;51.89911495;13-07-2017 21:43:00;4;9
0;St. Fin Barre's Bridge;-8.48196155;51.89710212;13-07-2017 21:43:00;18;1
0;Pope's Quay;-8.477385;51.901632;13-07-2017 21:43:00;8;10
0;North Main St.;-8.47844005;51.89974733;13-07-2017 21:43:00;6;9
0;Grattan St.;-8.47977966;51.8984737;13-07-2017 21:43:00;5;4
0;Wandesford Quay;-8.48004;51.896492;13-07-2017 21:43:00;12;9
0;Bishop St.;-8.4790268;51.89468826;13-07-2017 21:43:00;8;6
0;Camden Quay;-8.473342;51.901054;13-07-2017 21:43:00;8;12
0;Corn Market St.;-8.477;51.9;13-07-2017 21:43:00;15;7
0;Lapp's Quay;-8.465735;51.898144;13-07-2017 21:43:00;5;23
0;St. Patricks St.;-8.47261531;51.89850471;13-07-2017 21:43:00;11;8
0;South Main St.;-8.47689553164735;51.89694605306899;13-07-2017 21:43:00;5;5
0;Grand Parade;-8.47536977381303;51.89748023175811;13-07-2017 21:43:00;6;10
0;Peace Park;-8.47347588279142;51.89619469926869;13-07-2017 21:43:00;14;4
0;South Gate Bridge;-8.47586514429047;51.89549439125871;13-07-2017 21:43:00;6;6
0;Coburg St.;-8.47056736;51.90155283;13-07-2017 21:43:00;17;11
0;Emmet Place;-8.47270466388061;51.90020812214529;13-07-2017 21:43:00;13;7
0;South Mall;-8.46989982762231;51.89683855516081;13-07-2017 21:43:00;9;19
0;College of Commerce;-8.469797;51.8953;13-07-2017 21:43:00;16;4
0;Father Mathew Statue;-8.4706278;51.89967344;13-07-2017 21:43:00;5;10
0;Cork School of Music;-8.46809252166047;51.89631707505499;13-07-2017 21:43:00;8;7
1;Brian Boru Bridge;-8.465153;51.900405;13-07-2017 21:43:00;0;0
0;Bus Station;-8.46695074;51.89951532;13-07-2017 21:43:00;9;11
0;Cork City Hall;-8.466;51.897;13-07-2017 21:43:00;4;9
0;Lower Glanmire Rd.;-8.46411816;51.90137057;13-07-2017 21:43:00;16;4
0;Clontarf Street;-8.46562933177544;51.89848186918711;13-07-2017 21:43:00;4;5
0;Kent Station;-8.45821512;51.90196195;13-07-2017 21:43:00;15;14
0;Gaol Walk;-8.494174;51.893604;13-07-2017 21:48:00;7;17
0;Fitzgerald's Park;-8.49341266;51.89555327;13-07-2017 21:48:00;9;3
0;Bandfield;-8.4891363;51.89580557;13-07-2017 21:48:00;8;24
0;Dyke Parade;-8.48458467;51.89718531;13-07-2017 21:48:00;8;2
0;Mercy Hospital;-8.48225676;51.89911495;13-07-2017 21:48:00;4;9
0;St. Fin Barre's Bridge;-8.48196155;51.89710212;13-07-2017 21:48:00;18;1
0;Pope's Quay;-8.477385;51.901632;13-07-2017 21:48:00;8;10
0;North Main St.;-8.47844005;51.89974733;13-07-2017 21:48:00;6;9
0;Grattan St.;-8.47977966;51.8984737;13-07-2017 21:48:00;5;4
0;Wandesford Quay;-8.48004;51.896492;13-07-2017 21:48:00;12;9
0;Bishop St.;-8.4790268;51.89468826;13-07-2017 21:48:00;8;6
0;Camden Quay;-8.473342;51.901054;13-07-2017 21:48:00;8;12
0;Corn Market St.;-8.477;51.9;13-07-2017 21:48:00;15;7
0;Lapp's Quay;-8.465735;51.898144;13-07-2017 21:48:00;5;23
0;St. Patricks St.;-8.47261531;51.89850471;13-07-2017 21:48:00;11;8
0;South Main St.;-8.47689553164735;51.89694605306899;13-07-2017 21:48:00;5;5
0;Grand Parade;-8.47536977381303;51.89748023175811;13-07-2017 21:48:00;5;11
0;Peace Park;-8.47347588279142;51.89619469926869;13-07-2017 21:48:00;14;4
0;South Gate Bridge;-8.47586514429047;51.89549439125871;13-07-2017 21:48:00;6;6
0;Coburg St.;-8.47056736;51.90155283;13-07-2017 21:48:00;16;12
0;Emmet Place;-8.47270466388061;51.90020812214529;13-07-2017 21:48:00;13;7
0;South Mall;-8.46989982762231;51.89683855516081;13-07-2017 21:48:00;9;19
0;College of Commerce;-8.469797;51.8953;13-07-2017 21:48:00;17;3
0;Father Mathew Statue;-8.4706278;51.89967344;13-07-2017 21:48:00;5;10
0;Cork School of Music;-8.46809252166047;51.89631707505499;13-07-2017 21:48:00;8;7
1;Brian Boru Bridge;-8.465153;51.900405;13-07-2017 21:48:00;0;0
0;Bus Station;-8.46695074;51.89951532;13-07-2017 21:48:00;9;11
0;Cork City Hall;-8.466;51.897;13-07-2017 21:48:00;4;9
0;Lower Glanmire Rd.;-8.46411816;51.90137057;13-07-2017 21:48:00;16;4
0;Clontarf Street;-8.46562933177544;51.89848186918711;13-07-2017 21:48:00;4;5
0;Kent Station;-8.45821512;51.90196195;13-07-2017 21:48:00;14;15
0;Gaol Walk;-8.494174;51.893604;13-07-2017 21:53:00;7;17
0;Fitzgerald's Park;-8.49341266;51.89555327;13-07-2017 21:53:00;9;3
0;Bandfield;-8.4891363;51.89580557;13-07-2017 21:53:00;8;24
0;Dyke Parade;-8.48458467;51.89718531;13-07-2017 21:53:00;8;2
0;Mercy Hospital;-8.48225676;51.89911495;13-07-2017 21:53:00;4;9
0;St. Fin Barre's Bridge;-8.48196155;51.89710212;13-07-2017 21:53:00;18;1
0;Pope's Quay;-8.477385;51.901632;13-07-2017 21:53:00;8;10
0;North Main St.;-8.47844005;51.89974733;13-07-2017 21:53:00;6;9
0;Grattan St.;-8.47977966;51.8984737;13-07-2017 21:53:00;5;4
0;Wandesford Quay;-8.48004;51.896492;13-07-2017 21:53:00;12;9
0;Bishop St.;-8.4790268;51.89468826;13-07-2017 21:53:00;8;6
0;Camden Quay;-8.473342;51.901054;13-07-2017 21:53:00;8;12
0;Corn Market St.;-8.477;51.9;13-07-2017 21:53:00;15;7
0;Lapp's Quay;-8.465735;51.898144;13-07-2017 21:53:00;5;23
0;St. Patricks St.;-8.47261531;51.89850471;13-07-2017 21:53:00;11;8
0;South Main St.;-8.47689553164735;51.89694605306899;13-07-2017 21:53:00;5;5
0;Grand Parade;-8.47536977381303;51.89748023175811;13-07-2017 21:53:00;5;11
0;Peace Park;-8.47347588279142;51.89619469926869;13-07-2017 21:53:00;15;3
0;South Gate Bridge;-8.47586514429047;51.89549439125871;13-07-2017 21:53:00;6;6
0;Coburg St.;-8.47056736;51.90155283;13-07-2017 21:53:00;17;11
0;Emmet Place;-8.47270466388061;51.90020812214529;13-07-2017 21:53:00;13;7
0;South Mall;-8.46989982762231;51.89683855516081;13-07-2017 21:53:00;9;19
0;College of Commerce;-8.469797;51.8953;13-07-2017 21:53:00;16;4
0;Father Mathew Statue;-8.4706278;51.89967344;13-07-2017 21:53:00;4;11
0;Cork School of Music;-8.46809252166047;51.89631707505499;13-07-2017 21:53:00;8;7
1;Brian Boru Bridge;-8.465153;51.900405;13-07-2017 21:53:00;0;0
0;Bus Station;-8.46695074;51.89951532;13-07-2017 21:53:00;9;11
0;Cork City Hall;-8.466;51.897;13-07-2017 21:53:00;4;9
0;Lower Glanmire Rd.;-8.46411816;51.90137057;13-07-2017 21:53:00;17;3
0;Clontarf Street;-8.46562933177544;51.89848186918711;13-07-2017 21:53:00;4;5
0;Kent Station;-8.45821512;51.90196195;13-07-2017 21:53:00;13;16
0;Gaol Walk;-8.494174;51.893604;13-07-2017 21:58:00;7;17
0;Fitzgerald's Park;-8.49341266;51.89555327;13-07-2017 21:58:00;9;3
0;Bandfield;-8.4891363;51.89580557;13-07-2017 21:58:00;8;24
0;Dyke Parade;-8.48458467;51.89718531;13-07-2017 21:58:00;8;2
0;Mercy Hospital;-8.48225676;51.89911495;13-07-2017 21:58:00;4;9
0;St. Fin Barre's Bridge;-8.48196155;51.89710212;13-07-2017 21:58:00;18;1
0;Pope's Quay;-8.477385;51.901632;13-07-2017 21:58:00;8;10
0;North Main St.;-8.47844005;51.89974733;13-07-2017 21:58:00;6;9
0;Grattan St.;-8.47977966;51.8984737;13-07-2017 21:58:00;5;4
0;Wandesford Quay;-8.48004;51.896492;13-07-2017 21:58:00;12;9
0;Bishop St.;-8.4790268;51.89468826;13-07-2017 21:58:00;8;6
0;Camden Quay;-8.473342;51.901054;13-07-2017 21:58:00;8;12
0;Corn Market St.;-8.477;51.9;13-07-2017 21:58:00;15;7
0;Lapp's Quay;-8.465735;51.898144;13-07-2017 21:58:00;5;23
0;St. Patricks St.;-8.47261531;51.89850471;13-07-2017 21:58:00;11;8
0;South Main St.;-8.47689553164735;51.89694605306899;13-07-2017 21:58:00;5;5
0;Grand Parade;-8.47536977381303;51.89748023175811;13-07-2017 21:58:00;5;11
0;Peace Park;-8.47347588279142;51.89619469926869;13-07-2017 21:58:00;15;3
0;South Gate Bridge;-8.47586514429047;51.89549439125871;13-07-2017 21:58:00;6;6
0;Coburg St.;-8.47056736;51.90155283;13-07-2017 21:58:00;17;11
0;Emmet Place;-8.47270466388061;51.90020812214529;13-07-2017 21:58:00;13;7
0;South Mall;-8.46989982762231;51.89683855516081;13-07-2017 21:58:00;9;19
0;College of Commerce;-8.469797;51.8953;13-07-2017 21:58:00;16;4
0;Father Mathew Statue;-8.4706278;51.89967344;13-07-2017 21:58:00;4;11
0;Cork School of Music;-8.46809252166047;51.89631707505499;13-07-2017 21:58:00;8;7
1;Brian Boru Bridge;-8.465153;51.900405;13-07-2017 21:58:00;0;0
0;Bus Station;-8.46695074;51.89951532;13-07-2017 21:58:00;8;12
0;Cork City Hall;-8.466;51.897;13-07-2017 21:58:00;4;9
0;Lower Glanmire Rd.;-8.46411816;51.90137057;13-07-2017 21:58:00;17;3
0;Clontarf Street;-8.46562933177544;51.89848186918711;13-07-2017 21:58:00;4;5
0;Kent Station;-8.45821512;51.90196195;13-07-2017 21:58:00;13;16
0;Gaol Walk;-8.494174;51.893604;13-07-2017 22:03:00;7;17
0;Fitzgerald's Park;-8.49341266;51.89555327;13-07-2017 22:03:00;9;2
0;Bandfield;-8.4891363;51.89580557;13-07-2017 22:03:00;8;24
0;Dyke Parade;-8.48458467;51.89718531;13-07-2017 22:03:00;7;3
0;Mercy Hospital;-8.48225676;51.89911495;13-07-2017 22:03:00;4;9
0;St. Fin Barre's Bridge;-8.48196155;51.89710212;13-07-2017 22:03:00;18;1
0;Pope's Quay;-8.477385;51.901632;13-07-2017 22:03:00;8;10
0;North Main St.;-8.47844005;51.89974733;13-07-2017 22:03:00;6;9
0;Grattan St.;-8.47977966;51.8984737;13-07-2017 22:03:00;5;4
0;Wandesford Quay;-8.48004;51.896492;13-07-2017 22:03:00;12;9
0;Bishop St.;-8.4790268;51.89468826;13-07-2017 22:03:00;8;6
0;Camden Quay;-8.473342;51.901054;13-07-2017 22:03:00;8;12
0;Corn Market St.;-8.477;51.9;13-07-2017 22:03:00;15;7
0;Lapp's Quay;-8.465735;51.898144;13-07-2017 22:03:00;5;23
0;St. Patricks St.;-8.47261531;51.89850471;13-07-2017 22:03:00;11;8
0;South Main St.;-8.47689553164735;51.89694605306899;13-07-2017 22:03:00;5;5
0;Grand Parade;-8.47536977381303;51.89748023175811;13-07-2017 22:03:00;5;11
0;Peace Park;-8.47347588279142;51.89619469926869;13-07-2017 22:03:00;14;4
0;South Gate Bridge;-8.47586514429047;51.89549439125871;13-07-2017 22:03:00;6;6
0;Coburg St.;-8.47056736;51.90155283;13-07-2017 22:03:00;17;11
0;Emmet Place;-8.47270466388061;51.90020812214529;13-07-2017 22:03:00;13;7
0;South Mall;-8.46989982762231;51.89683855516081;13-07-2017 22:03:00;9;19
0;College of Commerce;-8.469797;51.8953;13-07-2017 22:03:00;17;3
0;Father Mathew Statue;-8.4706278;51.89967344;13-07-2017 22:03:00;4;11
0;Cork School of Music;-8.46809252166047;51.89631707505499;13-07-2017 22:03:00;8;7
1;Brian Boru Bridge;-8.465153;51.900405;13-07-2017 22:03:00;0;0
0;Bus Station;-8.46695074;51.89951532;13-07-2017 22:03:00;8;12
0;Cork City Hall;-8.466;51.897;13-07-2017 22:03:00;4;9
0;Lower Glanmire Rd.;-8.46411816;51.90137057;13-07-2017 22:03:00;17;3
0;Clontarf Street;-8.46562933177544;51.89848186918711;13-07-2017 22:03:00;4;5
0;Kent Station;-8.45821512;51.90196195;13-07-2017 22:03:00;14;15
0;Gaol Walk;-8.494174;51.893604;13-07-2017 22:08:00;7;17
0;Fitzgerald's Park;-8.49341266;51.89555327;13-07-2017 22:08:00;9;3
0;Bandfield;-8.4891363;51.89580557;13-07-2017 22:08:00;8;24
0;Dyke Parade;-8.48458467;51.89718531;13-07-2017 22:08:00;7;3
0;Mercy Hospital;-8.48225676;51.89911495;13-07-2017 22:08:00;4;9
0;St. Fin Barre's Bridge;-8.48196155;51.89710212;13-07-2017 22:08:00;18;1
0;Pope's Quay;-8.477385;51.901632;13-07-2017 22:08:00;8;10
0;North Main St.;-8.47844005;51.89974733;13-07-2017 22:08:00;7;8
0;Grattan St.;-8.47977966;51.8984737;13-07-2017 22:08:00;4;5
0;Wandesford Quay;-8.48004;51.896492;13-07-2017 22:08:00;12;9
0;Bishop St.;-8.4790268;51.89468826;13-07-2017 22:08:00;9;5
0;Camden Quay;-8.473342;51.901054;13-07-2017 22:08:00;8;12
0;Corn Market St.;-8.477;51.9;13-07-2017 22:08:00;16;6
0;Lapp's Quay;-8.465735;51.898144;13-07-2017 22:08:00;5;23
0;St. Patricks St.;-8.47261531;51.89850471;13-07-2017 22:08:00;11;8
0;South Main St.;-8.47689553164735;51.89694605306899;13-07-2017 22:08:00;5;5
0;Grand Parade;-8.47536977381303;51.89748023175811;13-07-2017 22:08:00;4;12
0;Peace Park;-8.47347588279142;51.89619469926869;13-07-2017 22:08:00;14;4
0;South Gate Bridge;-8.47586514429047;51.89549439125871;13-07-2017 22:08:00;6;6
0;Coburg St.;-8.47056736;51.90155283;13-07-2017 22:08:00;16;12
0;Emmet Place;-8.47270466388061;51.90020812214529;13-07-2017 22:08:00;13;7
0;South Mall;-8.46989982762231;51.89683855516081;13-07-2017 22:08:00;9;19
0;College of Commerce;-8.469797;51.8953;13-07-2017 22:08:00;17;3
0;Father Mathew Statue;-8.4706278;51.89967344;13-07-2017 22:08:00;4;11
0;Cork School of Music;-8.46809252166047;51.89631707505499;13-07-2017 22:08:00;8;7
1;Brian Boru Bridge;-8.465153;51.900405;13-07-2017 22:08:00;0;0
0;Bus Station;-8.46695074;51.89951532;13-07-2017 22:08:00;7;13
0;Cork City Hall;-8.466;51.897;13-07-2017 22:08:00;4;9
0;Lower Glanmire Rd.;-8.46411816;51.90137057;13-07-2017 22:08:00;17;3
0;Clontarf Street;-8.46562933177544;51.89848186918711;13-07-2017 22:08:00;4;5
0;Kent Station;-8.45821512;51.90196195;13-07-2017 22:08:00;14;15
0;Gaol Walk;-8.494174;51.893604;13-07-2017 22:13:00;7;17
0;Fitzgerald's Park;-8.49341266;51.89555327;13-07-2017 22:13:00;9;3
0;Bandfield;-8.4891363;51.89580557;13-07-2017 22:13:00;8;24
0;Dyke Parade;-8.48458467;51.89718531;13-07-2017 22:13:00;7;3
0;Mercy Hospital;-8.48225676;51.89911495;13-07-2017 22:13:00;4;9
0;St. Fin Barre's Bridge;-8.48196155;51.89710212;13-07-2017 22:13:00;17;2
0;Pope's Quay;-8.477385;51.901632;13-07-2017 22:13:00;10;8
0;North Main St.;-8.47844005;51.89974733;13-07-2017 22:13:00;7;8
0;Grattan St.;-8.47977966;51.8984737;13-07-2017 22:13:00;4;5
0;Wandesford Quay;-8.48004;51.896492;13-07-2017 22:13:00;12;9
0;Bishop St.;-8.4790268;51.89468826;13-07-2017 22:13:00;9;5
0;Camden Quay;-8.473342;51.901054;13-07-2017 22:13:00;9;11
0;Corn Market St.;-8.477;51.9;13-07-2017 22:13:00;16;6
0;Lapp's Quay;-8.465735;51.898144;13-07-2017 22:13:00;5;23
0;St. Patricks St.;-8.47261531;51.89850471;13-07-2017 22:13:00;11;8
0;South Main St.;-8.47689553164735;51.89694605306899;13-07-2017 22:13:00;5;5
0;Grand Parade;-8.47536977381303;51.89748023175811;13-07-2017 22:13:00;4;12
0;Peace Park;-8.47347588279142;51.89619469926869;13-07-2017 22:13:00;14;4
0;South Gate Bridge;-8.47586514429047;51.89549439125871;13-07-2017 22:13:00;6;6
0;Coburg St.;-8.47056736;51.90155283;13-07-2017 22:13:00;16;12
0;Emmet Place;-8.47270466388061;51.90020812214529;13-07-2017 22:13:00;13;7
0;South Mall;-8.46989982762231;51.89683855516081;13-07-2017 22:13:00;9;19
0;College of Commerce;-8.469797;51.8953;13-07-2017 22:13:00;17;3
0;Father Mathew Statue;-8.4706278;51.89967344;13-07-2017 22:13:00;4;11
0;Cork School of Music;-8.46809252166047;51.89631707505499;13-07-2017 22:13:00;8;7
1;Brian Boru Bridge;-8.465153;51.900405;13-07-2017 22:13:00;0;0
0;Bus Station;-8.46695074;51.89951532;13-07-2017 22:13:00;7;13
0;Cork City Hall;-8.466;51.897;13-07-2017 22:13:00;4;9
0;Lower Glanmire Rd.;-8.46411816;51.90137057;13-07-2017 22:13:00;17;3
0;Clontarf Street;-8.46562933177544;51.89848186918711;13-07-2017 22:13:00;4;5
0;Kent Station;-8.45821512;51.90196195;13-07-2017 22:13:00;14;15
0;Gaol Walk;-8.494174;51.893604;13-07-2017 22:18:00;7;17
0;Fitzgerald's Park;-8.49341266;51.89555327;13-07-2017 22:18:00;9;2
0;Bandfield;-8.4891363;51.89580557;13-07-2017 22:18:00;6;26
0;Dyke Parade;-8.48458467;51.89718531;13-07-2017 22:18:00;7;3
0;Mercy Hospital;-8.48225676;51.89911495;13-07-2017 22:18:00;4;9
0;St. Fin Barre's Bridge;-8.48196155;51.89710212;13-07-2017 22:18:00;17;2
0;Pope's Quay;-8.477385;51.901632;13-07-2017 22:18:00;10;8
0;North Main St.;-8.47844005;51.89974733;13-07-2017 22:18:00;7;8
0;Grattan St.;-8.47977966;51.8984737;13-07-2017 22:18:00;4;5
0;Wandesford Quay;-8.48004;51.896492;13-07-2017 22:18:00;12;9
0;Bishop St.;-8.4790268;51.89468826;13-07-2017 22:18:00;9;5
0;Camden Quay;-8.473342;51.901054;13-07-2017 22:18:00;9;11
0;Corn Market St.;-8.477;51.9;13-07-2017 22:18:00;16;6
0;Lapp's Quay;-8.465735;51.898144;13-07-2017 22:18:00;5;23
0;St. Patricks St.;-8.47261531;51.89850471;13-07-2017 22:18:00;11;8
0;South Main St.;-8.47689553164735;51.89694605306899;13-07-2017 22:18:00;5;5
0;Grand Parade;-8.47536977381303;51.89748023175811;13-07-2017 22:18:00;4;12
0;Peace Park;-8.47347588279142;51.89619469926869;13-07-2017 22:18:00;13;5
0;South Gate Bridge;-8.47586514429047;51.89549439125871;13-07-2017 22:18:00;8;4
0;Coburg St.;-8.47056736;51.90155283;13-07-2017 22:18:00;16;12
0;Emmet Place;-8.47270466388061;51.90020812214529;13-07-2017 22:18:00;13;7
0;South Mall;-8.46989982762231;51.89683855516081;13-07-2017 22:18:00;9;19
0;College of Commerce;-8.469797;51.8953;13-07-2017 22:18:00;17;3
0;Father Mathew Statue;-8.4706278;51.89967344;13-07-2017 22:18:00;4;11
0;Cork School of Music;-8.46809252166047;51.89631707505499;13-07-2017 22:18:00;9;6
1;Brian Boru Bridge;-8.465153;51.900405;13-07-2017 22:18:00;0;0
0;Bus Station;-8.46695074;51.89951532;13-07-2017 22:18:00;7;13
0;Cork City Hall;-8.466;51.897;13-07-2017 22:18:00;4;9
0;Lower Glanmire Rd.;-8.46411816;51.90137057;13-07-2017 22:18:00;17;3
0;Clontarf Street;-8.46562933177544;51.89848186918711;13-07-2017 22:18:00;5;4
0;Kent Station;-8.45821512;51.90196195;13-07-2017 22:18:00;14;15
0;Gaol Walk;-8.494174;51.893604;13-07-2017 22:23:00;7;17
0;Fitzgerald's Park;-8.49341266;51.89555327;13-07-2017 22:23:00;9;2
0;Bandfield;-8.4891363;51.89580557;13-07-2017 22:23:00;6;26
0;Dyke Parade;-8.48458467;51.89718531;13-07-2017 22:23:00;7;3
0;Mercy Hospital;-8.48225676;51.89911495;13-07-2017 22:23:00;4;9
0;St. Fin Barre's Bridge;-8.48196155;51.89710212;13-07-2017 22:23:00;15;4
0;Pope's Quay;-8.477385;51.901632;13-07-2017 22:23:00;10;8
0;North Main St.;-8.47844005;51.89974733;13-07-2017 22:23:00;7;8
0;Grattan St.;-8.47977966;51.8984737;13-07-2017 22:23:00;4;5
0;Wandesford Quay;-8.48004;51.896492;13-07-2017 22:23:00;12;9
0;Bishop St.;-8.4790268;51.89468826;13-07-2017 22:23:00;9;5
0;Camden Quay;-8.473342;51.901054;13-07-2017 22:23:00;9;11
0;Corn Market St.;-8.477;51.9;13-07-2017 22:23:00;16;6
0;Lapp's Quay;-8.465735;51.898144;13-07-2017 22:23:00;5;23
0;St. Patricks St.;-8.47261531;51.89850471;13-07-2017 22:23:00;11;8
0;South Main St.;-8.47689553164735;51.89694605306899;13-07-2017 22:23:00;5;5
0;Grand Parade;-8.47536977381303;51.89748023175811;13-07-2017 22:23:00;3;13
0;Peace Park;-8.47347588279142;51.89619469926869;13-07-2017 22:23:00;13;5
0;South Gate Bridge;-8.47586514429047;51.89549439125871;13-07-2017 22:23:00;8;4
0;Coburg St.;-8.47056736;51.90155283;13-07-2017 22:23:00;17;11
0;Emmet Place;-8.47270466388061;51.90020812214529;13-07-2017 22:23:00;13;7
0;South Mall;-8.46989982762231;51.89683855516081;13-07-2017 22:23:00;9;19
0;College of Commerce;-8.469797;51.8953;13-07-2017 22:23:00;17;3
0;Father Mathew Statue;-8.4706278;51.89967344;13-07-2017 22:23:00;4;11
0;Cork School of Music;-8.46809252166047;51.89631707505499;13-07-2017 22:23:00;9;6
1;Brian Boru Bridge;-8.465153;51.900405;13-07-2017 22:23:00;0;0
0;Bus Station;-8.46695074;51.89951532;13-07-2017 22:23:00;7;13
0;Cork City Hall;-8.466;51.897;13-07-2017 22:23:00;4;9
0;Lower Glanmire Rd.;-8.46411816;51.90137057;13-07-2017 22:23:00;17;3
0;Clontarf Street;-8.46562933177544;51.89848186918711;13-07-2017 22:23:00;5;4
0;Kent Station;-8.45821512;51.90196195;13-07-2017 22:23:00;14;15
0;Gaol Walk;-8.494174;51.893604;13-07-2017 22:28:00;7;17
0;Fitzgerald's Park;-8.49341266;51.89555327;13-07-2017 22:28:00;12;0
0;Bandfield;-8.4891363;51.89580557;13-07-2017 22:28:00;6;26
0;Dyke Parade;-8.48458467;51.89718531;13-07-2017 22:28:00;7;3
0;Mercy Hospital;-8.48225676;51.89911495;13-07-2017 22:28:00;4;9
0;St. Fin Barre's Bridge;-8.48196155;51.89710212;13-07-2017 22:28:00;15;4
0;Pope's Quay;-8.477385;51.901632;13-07-2017 22:28:00;10;8
0;North Main St.;-8.47844005;51.89974733;13-07-2017 22:28:00;7;8
0;Grattan St.;-8.47977966;51.8984737;13-07-2017 22:28:00;4;5
0;Wandesford Quay;-8.48004;51.896492;13-07-2017 22:28:00;12;9
0;Bishop St.;-8.4790268;51.89468826;13-07-2017 22:28:00;9;5
0;Camden Quay;-8.473342;51.901054;13-07-2017 22:28:00;9;11
0;Corn Market St.;-8.477;51.9;13-07-2017 22:28:00;16;6
0;Lapp's Quay;-8.465735;51.898144;13-07-2017 22:28:00;5;23
0;St. Patricks St.;-8.47261531;51.89850471;13-07-2017 22:28:00;13;6
0;South Main St.;-8.47689553164735;51.89694605306899;13-07-2017 22:28:00;5;5
0;Grand Parade;-8.47536977381303;51.89748023175811;13-07-2017 22:28:00;3;13
0;Peace Park;-8.47347588279142;51.89619469926869;13-07-2017 22:28:00;13;5
0;South Gate Bridge;-8.47586514429047;51.89549439125871;13-07-2017 22:28:00;8;4
0;Coburg St.;-8.47056736;51.90155283;13-07-2017 22:28:00;17;11
0;Emmet Place;-8.47270466388061;51.90020812214529;13-07-2017 22:28:00;13;7
0;South Mall;-8.46989982762231;51.89683855516081;13-07-2017 22:28:00;9;19
0;College of Commerce;-8.469797;51.8953;13-07-2017 22:28:00;17;3
0;Father Mathew Statue;-8.4706278;51.89967344;13-07-2017 22:28:00;4;11
0;Cork School of Music;-8.46809252166047;51.89631707505499;13-07-2017 22:28:00;9;6
1;Brian Boru Bridge;-8.465153;51.900405;13-07-2017 22:28:00;0;0
0;Bus Station;-8.46695074;51.89951532;13-07-2017 22:28:00;7;13
0;Cork City Hall;-8.466;51.897;13-07-2017 22:28:00;4;9
0;Lower Glanmire Rd.;-8.46411816;51.90137057;13-07-2017 22:28:00;17;3
0;Clontarf Street;-8.46562933177544;51.89848186918711;13-07-2017 22:28:00;4;5
0;Kent Station;-8.45821512;51.90196195;13-07-2017 22:28:00;14;15
0;Gaol Walk;-8.494174;51.893604;13-07-2017 22:33:00;7;17
0;Fitzgerald's Park;-8.49341266;51.89555327;13-07-2017 22:33:00;10;2
0;Bandfield;-8.4891363;51.89580557;13-07-2017 22:33:00;6;26
0;Dyke Parade;-8.48458467;51.89718531;13-07-2017 22:33:00;7;3
0;Mercy Hospital;-8.48225676;51.89911495;13-07-2017 22:33:00;4;9
0;St. Fin Barre's Bridge;-8.48196155;51.89710212;13-07-2017 22:33:00;15;4
0;Pope's Quay;-8.477385;51.901632;13-07-2017 22:33:00;10;8
0;North Main St.;-8.47844005;51.89974733;13-07-2017 22:33:00;7;8
0;Grattan St.;-8.47977966;51.8984737;13-07-2017 22:33:00;4;5
0;Wandesford Quay;-8.48004;51.896492;13-07-2017 22:33:00;12;9
0;Bishop St.;-8.4790268;51.89468826;13-07-2017 22:33:00;9;5
0;Camden Quay;-8.473342;51.901054;13-07-2017 22:33:00;9;11
0;Corn Market St.;-8.477;51.9;13-07-2017 22:33:00;16;6
0;Lapp's Quay;-8.465735;51.898144;13-07-2017 22:33:00;5;23
0;St. Patricks St.;-8.47261531;51.89850471;13-07-2017 22:33:00;13;6
0;South Main St.;-8.47689553164735;51.89694605306899;13-07-2017 22:33:00;5;5
0;Grand Parade;-8.47536977381303;51.89748023175811;13-07-2017 22:33:00;3;13
0;Peace Park;-8.47347588279142;51.89619469926869;13-07-2017 22:33:00;13;5
0;South Gate Bridge;-8.47586514429047;51.89549439125871;13-07-2017 22:33:00;8;4
0;Coburg St.;-8.47056736;51.90155283;13-07-2017 22:33:00;17;11
0;Emmet Place;-8.47270466388061;51.90020812214529;13-07-2017 22:33:00;13;7
0;South Mall;-8.46989982762231;51.89683855516081;13-07-2017 22:33:00;9;19
0;College of Commerce;-8.469797;51.8953;13-07-2017 22:33:00;17;3
0;Father Mathew Statue;-8.4706278;51.89967344;13-07-2017 22:33:00;4;11
0;Cork School of Music;-8.46809252166047;51.89631707505499;13-07-2017 22:33:00;9;6
1;Brian Boru Bridge;-8.465153;51.900405;13-07-2017 22:33:00;0;0
0;Bus Station;-8.46695074;51.89951532;13-07-2017 22:33:00;7;13
0;Cork City Hall;-8.466;51.897;13-07-2017 22:33:00;4;9
0;Lower Glanmire Rd.;-8.46411816;51.90137057;13-07-2017 22:33:00;17;3
0;Clontarf Street;-8.46562933177544;51.89848186918711;13-07-2017 22:33:00;4;5
0;Kent Station;-8.45821512;51.90196195;13-07-2017 22:33:00;14;15
0;Gaol Walk;-8.494174;51.893604;13-07-2017 22:38:00;7;17
0;Fitzgerald's Park;-8.49341266;51.89555327;13-07-2017 22:38:00;10;2
0;Bandfield;-8.4891363;51.89580557;13-07-2017 22:38:00;6;26
0;Dyke Parade;-8.48458467;51.89718531;13-07-2017 22:38:00;7;3
0;Mercy Hospital;-8.48225676;51.89911495;13-07-2017 22:38:00;4;9
0;St. Fin Barre's Bridge;-8.48196155;51.89710212;13-07-2017 22:38:00;15;4
0;Pope's Quay;-8.477385;51.901632;13-07-2017 22:38:00;10;8
0;North Main St.;-8.47844005;51.89974733;13-07-2017 22:38:00;8;7
0;Grattan St.;-8.47977966;51.8984737;13-07-2017 22:38:00;4;5
0;Wandesford Quay;-8.48004;51.896492;13-07-2017 22:38:00;12;9
0;Bishop St.;-8.4790268;51.89468826;13-07-2017 22:38:00;9;5
0;Camden Quay;-8.473342;51.901054;13-07-2017 22:38:00;9;11
0;Corn Market St.;-8.477;51.9;13-07-2017 22:38:00;16;6
0;Lapp's Quay;-8.465735;51.898144;13-07-2017 22:38:00;5;23
0;St. Patricks St.;-8.47261531;51.89850471;13-07-2017 22:38:00;13;6
0;South Main St.;-8.47689553164735;51.89694605306899;13-07-2017 22:38:00;5;5
0;Grand Parade;-8.47536977381303;51.89748023175811;13-07-2017 22:38:00;3;13
0;Peace Park;-8.47347588279142;51.89619469926869;13-07-2017 22:38:00;13;5
0;South Gate Bridge;-8.47586514429047;51.89549439125871;13-07-2017 22:38:00;8;4
0;Coburg St.;-8.47056736;51.90155283;13-07-2017 22:38:00;17;11
0;Emmet Place;-8.47270466388061;51.90020812214529;13-07-2017 22:38:00;13;7
0;South Mall;-8.46989982762231;51.89683855516081;13-07-2017 22:38:00;9;19
0;College of Commerce;-8.469797;51.8953;13-07-2017 22:38:00;17;3
0;Father Mathew Statue;-8.4706278;51.89967344;13-07-2017 22:38:00;4;11
0;Cork School of Music;-8.46809252166047;51.89631707505499;13-07-2017 22:38:00;9;6
1;Brian Boru Bridge;-8.465153;51.900405;13-07-2017 22:38:00;0;0
0;Bus Station;-8.46695074;51.89951532;13-07-2017 22:38:00;7;13
0;Cork City Hall;-8.466;51.897;13-07-2017 22:38:00;4;9
0;Lower Glanmire Rd.;-8.46411816;51.90137057;13-07-2017 22:38:00;17;3
0;Clontarf Street;-8.46562933177544;51.89848186918711;13-07-2017 22:38:00;4;5
0;Kent Station;-8.45821512;51.90196195;13-07-2017 22:38:00;14;15
0;Gaol Walk;-8.494174;51.893604;13-07-2017 22:43:00;7;17
0;Fitzgerald's Park;-8.49341266;51.89555327;13-07-2017 22:43:00;10;2
0;Bandfield;-8.4891363;51.89580557;13-07-2017 22:43:00;6;26
0;Dyke Parade;-8.48458467;51.89718531;13-07-2017 22:43:00;7;3
0;Mercy Hospital;-8.48225676;51.89911495;13-07-2017 22:43:00;4;9
0;St. Fin Barre's Bridge;-8.48196155;51.89710212;13-07-2017 22:43:00;15;4
0;Pope's Quay;-8.477385;51.901632;13-07-2017 22:43:00;10;8
0;North Main St.;-8.47844005;51.89974733;13-07-2017 22:43:00;8;7
0;Grattan St.;-8.47977966;51.8984737;13-07-2017 22:43:00;4;5
0;Wandesford Quay;-8.48004;51.896492;13-07-2017 22:43:00;12;9
0;Bishop St.;-8.4790268;51.89468826;13-07-2017 22:43:00;9;5
0;Camden Quay;-8.473342;51.901054;13-07-2017 22:43:00;10;10
0;Corn Market St.;-8.477;51.9;13-07-2017 22:43:00;16;6
0;Lapp's Quay;-8.465735;51.898144;13-07-2017 22:43:00;5;23
0;St. Patricks St.;-8.47261531;51.89850471;13-07-2017 22:43:00;14;5
0;South Main St.;-8.47689553164735;51.89694605306899;13-07-2017 22:43:00;5;5
0;Grand Parade;-8.47536977381303;51.89748023175811;13-07-2017 22:43:00;3;13
0;Peace Park;-8.47347588279142;51.89619469926869;13-07-2017 22:43:00;13;5
0;South Gate Bridge;-8.47586514429047;51.89549439125871;13-07-2017 22:43:00;8;4
0;Coburg St.;-8.47056736;51.90155283;13-07-2017 22:43:00;17;11
0;Emmet Place;-8.47270466388061;51.90020812214529;13-07-2017 22:43:00;13;7
0;South Mall;-8.46989982762231;51.89683855516081;13-07-2017 22:43:00;9;19
0;College of Commerce;-8.469797;51.8953;13-07-2017 22:43:00;18;2
0;Father Mathew Statue;-8.4706278;51.89967344;13-07-2017 22:43:00;4;11
0;Cork School of Music;-8.46809252166047;51.89631707505499;13-07-2017 22:43:00;8;7
1;Brian Boru Bridge;-8.465153;51.900405;13-07-2017 22:43:00;0;0
0;Bus Station;-8.46695074;51.89951532;13-07-2017 22:43:00;7;13
0;Cork City Hall;-8.466;51.897;13-07-2017 22:43:00;4;9
0;Lower Glanmire Rd.;-8.46411816;51.90137057;13-07-2017 22:43:00;17;3
0;Clontarf Street;-8.46562933177544;51.89848186918711;13-07-2017 22:43:00;4;5
0;Kent Station;-8.45821512;51.90196195;13-07-2017 22:43:00;14;15
0;Gaol Walk;-8.494174;51.893604;13-07-2017 22:48:00;7;17
0;Fitzgerald's Park;-8.49341266;51.89555327;13-07-2017 22:48:00;9;3
0;Bandfield;-8.4891363;51.89580557;13-07-2017 22:48:00;6;26
0;Dyke Parade;-8.48458467;51.89718531;13-07-2017 22:48:00;7;3
0;Mercy Hospital;-8.48225676;51.89911495;13-07-2017 22:48:00;4;9
0;St. Fin Barre's Bridge;-8.48196155;51.89710212;13-07-2017 22:48:00;14;5
0;Pope's Quay;-8.477385;51.901632;13-07-2017 22:48:00;10;8
0;North Main St.;-8.47844005;51.89974733;13-07-2017 22:48:00;8;7
0;Grattan St.;-8.47977966;51.8984737;13-07-2017 22:48:00;4;5
0;Wandesford Quay;-8.48004;51.896492;13-07-2017 22:48:00;12;9
0;Bishop St.;-8.4790268;51.89468826;13-07-2017 22:48:00;9;5
0;Camden Quay;-8.473342;51.901054;13-07-2017 22:48:00;10;10
0;Corn Market St.;-8.477;51.9;13-07-2017 22:48:00;16;6
0;Lapp's Quay;-8.465735;51.898144;13-07-2017 22:48:00;5;23
0;St. Patricks St.;-8.47261531;51.89850471;13-07-2017 22:48:00;14;5
0;South Main St.;-8.47689553164735;51.89694605306899;13-07-2017 22:48:00;5;5
0;Grand Parade;-8.47536977381303;51.89748023175811;13-07-2017 22:48:00;3;13
0;Peace Park;-8.47347588279142;51.89619469926869;13-07-2017 22:48:00;13;5
0;South Gate Bridge;-8.47586514429047;51.89549439125871;13-07-2017 22:48:00;8;4
0;Coburg St.;-8.47056736;51.90155283;13-07-2017 22:48:00;17;11
0;Emmet Place;-8.47270466388061;51.90020812214529;13-07-2017 22:48:00;13;7
0;South Mall;-8.46989982762231;51.89683855516081;13-07-2017 22:48:00;9;19
0;College of Commerce;-8.469797;51.8953;13-07-2017 22:48:00;18;2
0;Father Mathew Statue;-8.4706278;51.89967344;13-07-2017 22:48:00;4;11
0;Cork School of Music;-8.46809252166047;51.89631707505499;13-07-2017 22:48:00;8;7
1;Brian Boru Bridge;-8.465153;51.900405;13-07-2017 22:48:00;0;0
0;Bus Station;-8.46695074;51.89951532;13-07-2017 22:48:00;7;13
0;Cork City Hall;-8.466;51.897;13-07-2017 22:48:00;4;9
0;Lower Glanmire Rd.;-8.46411816;51.90137057;13-07-2017 22:48:00;17;3
0;Clontarf Street;-8.46562933177544;51.89848186918711;13-07-2017 22:48:00;4;5
0;Kent Station;-8.45821512;51.90196195;13-07-2017 22:48:00;14;15
0;Gaol Walk;-8.494174;51.893604;13-07-2017 22:53:00;7;17
0;Fitzgerald's Park;-8.49341266;51.89555327;13-07-2017 22:53:00;8;4
0;Bandfield;-8.4891363;51.89580557;13-07-2017 22:53:00;8;24
0;Dyke Parade;-8.48458467;51.89718531;13-07-2017 22:53:00;7;3
0;Mercy Hospital;-8.48225676;51.89911495;13-07-2017 22:53:00;4;9
0;St. Fin Barre's Bridge;-8.48196155;51.89710212;13-07-2017 22:53:00;14;5
0;Pope's Quay;-8.477385;51.901632;13-07-2017 22:53:00;10;8
0;North Main St.;-8.47844005;51.89974733;13-07-2017 22:53:00;8;7
0;Grattan St.;-8.47977966;51.8984737;13-07-2017 22:53:00;4;5
0;Wandesford Quay;-8.48004;51.896492;13-07-2017 22:53:00;12;9
0;Bishop St.;-8.4790268;51.89468826;13-07-2017 22:53:00;9;5
0;Camden Quay;-8.473342;51.901054;13-07-2017 22:53:00;10;10
0;Corn Market St.;-8.477;51.9;13-07-2017 22:53:00;16;6
0;Lapp's Quay;-8.465735;51.898144;13-07-2017 22:53:00;5;23
0;St. Patricks St.;-8.47261531;51.89850471;13-07-2017 22:53:00;14;5
0;South Main St.;-8.47689553164735;51.89694605306899;13-07-2017 22:53:00;5;5
0;Grand Parade;-8.47536977381303;51.89748023175811;13-07-2017 22:53:00;3;13
0;Peace Park;-8.47347588279142;51.89619469926869;13-07-2017 22:53:00;13;5
0;South Gate Bridge;-8.47586514429047;51.89549439125871;13-07-2017 22:53:00;8;4
0;Coburg St.;-8.47056736;51.90155283;13-07-2017 22:53:00;18;10
0;Emmet Place;-8.47270466388061;51.90020812214529;13-07-2017 22:53:00;13;7
0;South Mall;-8.46989982762231;51.89683855516081;13-07-2017 22:53:00;9;19
0;College of Commerce;-8.469797;51.8953;13-07-2017 22:53:00;18;2
0;Father Mathew Statue;-8.4706278;51.89967344;13-07-2017 22:53:00;4;11
0;Cork School of Music;-8.46809252166047;51.89631707505499;13-07-2017 22:53:00;8;7
1;Brian Boru Bridge;-8.465153;51.900405;13-07-2017 22:53:00;0;0
0;Bus Station;-8.46695074;51.89951532;13-07-2017 22:53:00;7;13
0;Cork City Hall;-8.466;51.897;13-07-2017 22:53:00;3;10
0;Lower Glanmire Rd.;-8.46411816;51.90137057;13-07-2017 22:53:00;17;3
0;Clontarf Street;-8.46562933177544;51.89848186918711;13-07-2017 22:53:00;4;5
0;Kent Station;-8.45821512;51.90196195;13-07-2017 22:53:00;14;15
0;Gaol Walk;-8.494174;51.893604;13-07-2017 22:58:00;7;17
0;Fitzgerald's Park;-8.49341266;51.89555327;13-07-2017 22:58:00;8;3
0;Bandfield;-8.4891363;51.89580557;13-07-2017 22:58:00;8;24
0;Dyke Parade;-8.48458467;51.89718531;13-07-2017 22:58:00;7;3
0;Mercy Hospital;-8.48225676;51.89911495;13-07-2017 22:58:00;4;9
0;St. Fin Barre's Bridge;-8.48196155;51.89710212;13-07-2017 22:58:00;14;5
0;Pope's Quay;-8.477385;51.901632;13-07-2017 22:58:00;9;9
0;North Main St.;-8.47844005;51.89974733;13-07-2017 22:58:00;8;7
0;Grattan St.;-8.47977966;51.8984737;13-07-2017 22:58:00;4;5
0;Wandesford Quay;-8.48004;51.896492;13-07-2017 22:58:00;12;9
0;Bishop St.;-8.4790268;51.89468826;13-07-2017 22:58:00;9;5
0;Camden Quay;-8.473342;51.901054;13-07-2017 22:58:00;10;10
0;Corn Market St.;-8.477;51.9;13-07-2017 22:58:00;16;6
0;Lapp's Quay;-8.465735;51.898144;13-07-2017 22:58:00;5;23
0;St. Patricks St.;-8.47261531;51.89850471;13-07-2017 22:58:00;14;5
0;South Main St.;-8.47689553164735;51.89694605306899;13-07-2017 22:58:00;5;5
0;Grand Parade;-8.47536977381303;51.89748023175811;13-07-2017 22:58:00;3;13
0;Peace Park;-8.47347588279142;51.89619469926869;13-07-2017 22:58:00;12;6
0;South Gate Bridge;-8.47586514429047;51.89549439125871;13-07-2017 22:58:00;8;4
0;Coburg St.;-8.47056736;51.90155283;13-07-2017 22:58:00;18;10
0;Emmet Place;-8.47270466388061;51.90020812214529;13-07-2017 22:58:00;13;7
0;South Mall;-8.46989982762231;51.89683855516081;13-07-2017 22:58:00;9;19
0;College of Commerce;-8.469797;51.8953;13-07-2017 22:58:00;18;2
0;Father Mathew Statue;-8.4706278;51.89967344;13-07-2017 22:58:00;4;11
0;Cork School of Music;-8.46809252166047;51.89631707505499;13-07-2017 22:58:00;8;7
1;Brian Boru Bridge;-8.465153;51.900405;13-07-2017 22:58:00;0;0
0;Bus Station;-8.46695074;51.89951532;13-07-2017 22:58:00;7;13
0;Cork City Hall;-8.466;51.897;13-07-2017 22:58:00;3;10
0;Lower Glanmire Rd.;-8.46411816;51.90137057;13-07-2017 22:58:00;17;3
0;Clontarf Street;-8.46562933177544;51.89848186918711;13-07-2017 22:58:00;4;5
0;Kent Station;-8.45821512;51.90196195;13-07-2017 22:58:00;14;15
0;Gaol Walk;-8.494174;51.893604;13-07-2017 23:03:00;7;17
0;Fitzgerald's Park;-8.49341266;51.89555327;13-07-2017 23:03:00;8;3
0;Bandfield;-8.4891363;51.89580557;13-07-2017 23:03:00;8;24
0;Dyke Parade;-8.48458467;51.89718531;13-07-2017 23:03:00;7;3
0;Mercy Hospital;-8.48225676;51.89911495;13-07-2017 23:03:00;4;9
0;St. Fin Barre's Bridge;-8.48196155;51.89710212;13-07-2017 23:03:00;13;6
0;Pope's Quay;-8.477385;51.901632;13-07-2017 23:03:00;9;9
0;North Main St.;-8.47844005;51.89974733;13-07-2017 23:03:00;8;7
0;Grattan St.;-8.47977966;51.8984737;13-07-2017 23:03:00;4;5
0;Wandesford Quay;-8.48004;51.896492;13-07-2017 23:03:00;12;9
0;Bishop St.;-8.4790268;51.89468826;13-07-2017 23:03:00;9;5
0;Camden Quay;-8.473342;51.901054;13-07-2017 23:03:00;11;9
0;Corn Market St.;-8.477;51.9;13-07-2017 23:03:00;16;6
0;Lapp's Quay;-8.465735;51.898144;13-07-2017 23:03:00;5;23
0;St. Patricks St.;-8.47261531;51.89850471;13-07-2017 23:03:00;14;5
0;South Main St.;-8.47689553164735;51.89694605306899;13-07-2017 23:03:00;5;5
0;Grand Parade;-8.47536977381303;51.89748023175811;13-07-2017 23:03:00;3;13
0;Peace Park;-8.47347588279142;51.89619469926869;13-07-2017 23:03:00;12;6
0;South Gate Bridge;-8.47586514429047;51.89549439125871;13-07-2017 23:03:00;7;5
0;Coburg St.;-8.47056736;51.90155283;13-07-2017 23:03:00;18;10
0;Emmet Place;-8.47270466388061;51.90020812214529;13-07-2017 23:03:00;13;7
0;South Mall;-8.46989982762231;51.89683855516081;13-07-2017 23:03:00;9;19
0;College of Commerce;-8.469797;51.8953;13-07-2017 23:03:00;18;2
0;Father Mathew Statue;-8.4706278;51.89967344;13-07-2017 23:03:00;4;11
0;Cork School of Music;-8.46809252166047;51.89631707505499;13-07-2017 23:03:00;8;7
1;Brian Boru Bridge;-8.465153;51.900405;13-07-2017 23:03:00;0;0
0;Bus Station;-8.46695074;51.89951532;13-07-2017 23:03:00;9;11
0;Cork City Hall;-8.466;51.897;13-07-2017 23:03:00;3;10
0;Lower Glanmire Rd.;-8.46411816;51.90137057;13-07-2017 23:03:00;17;3
0;Clontarf Street;-8.46562933177544;51.89848186918711;13-07-2017 23:03:00;4;5
0;Kent Station;-8.45821512;51.90196195;13-07-2017 23:03:00;14;15
0;Gaol Walk;-8.494174;51.893604;13-07-2017 23:08:00;8;16
0;Fitzgerald's Park;-8.49341266;51.89555327;13-07-2017 23:08:00;8;4
0;Bandfield;-8.4891363;51.89580557;13-07-2017 23:08:00;9;23
0;Dyke Parade;-8.48458467;51.89718531;13-07-2017 23:08:00;7;3
0;Mercy Hospital;-8.48225676;51.89911495;13-07-2017 23:08:00;4;9
0;St. Fin Barre's Bridge;-8.48196155;51.89710212;13-07-2017 23:08:00;13;6
0;Pope's Quay;-8.477385;51.901632;13-07-2017 23:08:00;9;9
0;North Main St.;-8.47844005;51.89974733;13-07-2017 23:08:00;8;7
0;Grattan St.;-8.47977966;51.8984737;13-07-2017 23:08:00;4;5
0;Wandesford Quay;-8.48004;51.896492;13-07-2017 23:08:00;12;9
0;Bishop St.;-8.4790268;51.89468826;13-07-2017 23:08:00;9;5
0;Camden Quay;-8.473342;51.901054;13-07-2017 23:08:00;11;9
0;Corn Market St.;-8.477;51.9;13-07-2017 23:08:00;16;6
0;Lapp's Quay;-8.465735;51.898144;13-07-2017 23:08:00;5;23
0;St. Patricks St.;-8.47261531;51.89850471;13-07-2017 23:08:00;14;5
0;South Main St.;-8.47689553164735;51.89694605306899;13-07-2017 23:08:00;5;5
0;Grand Parade;-8.47536977381303;51.89748023175811;13-07-2017 23:08:00;3;13
0;Peace Park;-8.47347588279142;51.89619469926869;13-07-2017 23:08:00;12;6
0;South Gate Bridge;-8.47586514429047;51.89549439125871;13-07-2017 23:08:00;7;5
0;Coburg St.;-8.47056736;51.90155283;13-07-2017 23:08:00;18;10
0;Emmet Place;-8.47270466388061;51.90020812214529;13-07-2017 23:08:00;13;7
0;South Mall;-8.46989982762231;51.89683855516081;13-07-2017 23:08:00;9;19
0;College of Commerce;-8.469797;51.8953;13-07-2017 23:08:00;18;2
0;Father Mathew Statue;-8.4706278;51.89967344;13-07-2017 23:08:00;4;11
0;Cork School of Music;-8.46809252166047;51.89631707505499;13-07-2017 23:08:00;8;7
1;Brian Boru Bridge;-8.465153;51.900405;13-07-2017 23:08:00;0;0
0;Bus Station;-8.46695074;51.89951532;13-07-2017 23:08:00;9;11
0;Cork City Hall;-8.466;51.897;13-07-2017 23:08:00;3;10
0;Lower Glanmire Rd.;-8.46411816;51.90137057;13-07-2017 23:08:00;17;3
0;Clontarf Street;-8.46562933177544;51.89848186918711;13-07-2017 23:08:00;4;5
0;Kent Station;-8.45821512;51.90196195;13-07-2017 23:08:00;14;15
0;Gaol Walk;-8.494174;51.893604;13-07-2017 23:13:00;8;16
0;Fitzgerald's Park;-8.49341266;51.89555327;13-07-2017 23:13:00;8;3
0;Bandfield;-8.4891363;51.89580557;13-07-2017 23:13:00;9;23
0;Dyke Parade;-8.48458467;51.89718531;13-07-2017 23:13:00;7;3
0;Mercy Hospital;-8.48225676;51.89911495;13-07-2017 23:13:00;4;9
0;St. Fin Barre's Bridge;-8.48196155;51.89710212;13-07-2017 23:13:00;13;6
0;Pope's Quay;-8.477385;51.901632;13-07-2017 23:13:00;9;9
0;North Main St.;-8.47844005;51.89974733;13-07-2017 23:13:00;8;7
0;Grattan St.;-8.47977966;51.8984737;13-07-2017 23:13:00;4;5
0;Wandesford Quay;-8.48004;51.896492;13-07-2017 23:13:00;12;9
0;Bishop St.;-8.4790268;51.89468826;13-07-2017 23:13:00;8;6
0;Camden Quay;-8.473342;51.901054;13-07-2017 23:13:00;11;9
0;Corn Market St.;-8.477;51.9;13-07-2017 23:13:00;16;6
0;Lapp's Quay;-8.465735;51.898144;13-07-2017 23:13:00;5;23
0;St. Patricks St.;-8.47261531;51.89850471;13-07-2017 23:13:00;14;5
0;South Main St.;-8.47689553164735;51.89694605306899;13-07-2017 23:13:00;5;5
0;Grand Parade;-8.47536977381303;51.89748023175811;13-07-2017 23:13:00;3;13
0;Peace Park;-8.47347588279142;51.89619469926869;13-07-2017 23:13:00;12;6
0;South Gate Bridge;-8.47586514429047;51.89549439125871;13-07-2017 23:13:00;7;5
0;Coburg St.;-8.47056736;51.90155283;13-07-2017 23:13:00;17;11
0;Emmet Place;-8.47270466388061;51.90020812214529;13-07-2017 23:13:00;13;7
0;South Mall;-8.46989982762231;51.89683855516081;13-07-2017 23:13:00;9;19
0;College of Commerce;-8.469797;51.8953;13-07-2017 23:13:00;18;2
0;Father Mathew Statue;-8.4706278;51.89967344;13-07-2017 23:13:00;4;11
0;Cork School of Music;-8.46809252166047;51.89631707505499;13-07-2017 23:13:00;8;7
1;Brian Boru Bridge;-8.465153;51.900405;13-07-2017 23:13:00;0;0
0;Bus Station;-8.46695074;51.89951532;13-07-2017 23:13:00;9;11
0;Cork City Hall;-8.466;51.897;13-07-2017 23:13:00;3;10
0;Lower Glanmire Rd.;-8.46411816;51.90137057;13-07-2017 23:13:00;17;3
0;Clontarf Street;-8.46562933177544;51.89848186918711;13-07-2017 23:13:00;4;5
0;Kent Station;-8.45821512;51.90196195;13-07-2017 23:13:00;14;15
0;Gaol Walk;-8.494174;51.893604;13-07-2017 23:18:00;8;16
0;Fitzgerald's Park;-8.49341266;51.89555327;13-07-2017 23:18:00;8;3
0;Bandfield;-8.4891363;51.89580557;13-07-2017 23:18:00;9;23
0;Dyke Parade;-8.48458467;51.89718531;13-07-2017 23:18:00;7;3
0;Mercy Hospital;-8.48225676;51.89911495;13-07-2017 23:18:00;4;9
0;St. Fin Barre's Bridge;-8.48196155;51.89710212;13-07-2017 23:18:00;13;6
0;Pope's Quay;-8.477385;51.901632;13-07-2017 23:18:00;9;9
0;North Main St.;-8.47844005;51.89974733;13-07-2017 23:18:00;8;7
0;Grattan St.;-8.47977966;51.8984737;13-07-2017 23:18:00;4;5
0;Wandesford Quay;-8.48004;51.896492;13-07-2017 23:18:00;12;9
0;Bishop St.;-8.4790268;51.89468826;13-07-2017 23:18:00;8;6
0;Camden Quay;-8.473342;51.901054;13-07-2017 23:18:00;11;9
0;Corn Market St.;-8.477;51.9;13-07-2017 23:18:00;16;6
0;Lapp's Quay;-8.465735;51.898144;13-07-2017 23:18:00;5;23
0;St. Patricks St.;-8.47261531;51.89850471;13-07-2017 23:18:00;14;5
0;South Main St.;-8.47689553164735;51.89694605306899;13-07-2017 23:18:00;5;5
0;Grand Parade;-8.47536977381303;51.89748023175811;13-07-2017 23:18:00;3;13
0;Peace Park;-8.47347588279142;51.89619469926869;13-07-2017 23:18:00;12;6
0;South Gate Bridge;-8.47586514429047;51.89549439125871;13-07-2017 23:18:00;7;5
0;Coburg St.;-8.47056736;51.90155283;13-07-2017 23:18:00;16;12
0;Emmet Place;-8.47270466388061;51.90020812214529;13-07-2017 23:18:00;13;7
0;South Mall;-8.46989982762231;51.89683855516081;13-07-2017 23:18:00;9;19
0;College of Commerce;-8.469797;51.8953;13-07-2017 23:18:00;18;2
0;Father Mathew Statue;-8.4706278;51.89967344;13-07-2017 23:18:00;4;11
0;Cork School of Music;-8.46809252166047;51.89631707505499;13-07-2017 23:18:00;8;7
1;Brian Boru Bridge;-8.465153;51.900405;13-07-2017 23:18:00;0;0
0;Bus Station;-8.46695074;51.89951532;13-07-2017 23:18:00;10;10
0;Cork City Hall;-8.466;51.897;13-07-2017 23:18:00;3;10
0;Lower Glanmire Rd.;-8.46411816;51.90137057;13-07-2017 23:18:00;17;3
0;Clontarf Street;-8.46562933177544;51.89848186918711;13-07-2017 23:18:00;4;5
0;Kent Station;-8.45821512;51.90196195;13-07-2017 23:18:00;15;14
0;Gaol Walk;-8.494174;51.893604;13-07-2017 23:23:00;8;16
0;Fitzgerald's Park;-8.49341266;51.89555327;13-07-2017 23:23:00;8;4
0;Bandfield;-8.4891363;51.89580557;13-07-2017 23:23:00;9;23
0;Dyke Parade;-8.48458467;51.89718531;13-07-2017 23:23:00;7;3
0;Mercy Hospital;-8.48225676;51.89911495;13-07-2017 23:23:00;4;9
0;St. Fin Barre's Bridge;-8.48196155;51.89710212;13-07-2017 23:23:00;13;6
0;Pope's Quay;-8.477385;51.901632;13-07-2017 23:23:00;9;9
0;North Main St.;-8.47844005;51.89974733;13-07-2017 23:23:00;8;7
0;Grattan St.;-8.47977966;51.8984737;13-07-2017 23:23:00;4;5
0;Wandesford Quay;-8.48004;51.896492;13-07-2017 23:23:00;12;9
0;Bishop St.;-8.4790268;51.89468826;13-07-2017 23:23:00;8;6
0;Camden Quay;-8.473342;51.901054;13-07-2017 23:23:00;11;9
0;Corn Market St.;-8.477;51.9;13-07-2017 23:23:00;16;6
0;Lapp's Quay;-8.465735;51.898144;13-07-2017 23:23:00;5;23
0;St. Patricks St.;-8.47261531;51.89850471;13-07-2017 23:23:00;13;6
0;South Main St.;-8.47689553164735;51.89694605306899;13-07-2017 23:23:00;5;5
0;Grand Parade;-8.47536977381303;51.89748023175811;13-07-2017 23:23:00;3;13
0;Peace Park;-8.47347588279142;51.89619469926869;13-07-2017 23:23:00;12;6
0;South Gate Bridge;-8.47586514429047;51.89549439125871;13-07-2017 23:23:00;7;5
0;Coburg St.;-8.47056736;51.90155283;13-07-2017 23:23:00;16;12
0;Emmet Place;-8.47270466388061;51.90020812214529;13-07-2017 23:23:00;13;7
0;South Mall;-8.46989982762231;51.89683855516081;13-07-2017 23:23:00;9;19
0;College of Commerce;-8.469797;51.8953;13-07-2017 23:23:00;18;2
0;Father Mathew Statue;-8.4706278;51.89967344;13-07-2017 23:23:00;4;11
0;Cork School of Music;-8.46809252166047;51.89631707505499;13-07-2017 23:23:00;8;7
1;Brian Boru Bridge;-8.465153;51.900405;13-07-2017 23:23:00;0;0
0;Bus Station;-8.46695074;51.89951532;13-07-2017 23:23:00;10;10
0;Cork City Hall;-8.466;51.897;13-07-2017 23:23:00;5;8
0;Lower Glanmire Rd.;-8.46411816;51.90137057;13-07-2017 23:23:00;17;3
0;Clontarf Street;-8.46562933177544;51.89848186918711;13-07-2017 23:23:00;4;5
0;Kent Station;-8.45821512;51.90196195;13-07-2017 23:23:00;15;14
0;Gaol Walk;-8.494174;51.893604;13-07-2017 23:28:00;8;16
0;Fitzgerald's Park;-8.49341266;51.89555327;13-07-2017 23:28:00;8;4
0;Bandfield;-8.4891363;51.89580557;13-07-2017 23:28:00;9;23
0;Dyke Parade;-8.48458467;51.89718531;13-07-2017 23:28:00;7;3
0;Mercy Hospital;-8.48225676;51.89911495;13-07-2017 23:28:00;4;9
0;St. Fin Barre's Bridge;-8.48196155;51.89710212;13-07-2017 23:28:00;13;6
0;Pope's Quay;-8.477385;51.901632;13-07-2017 23:28:00;9;9
0;North Main St.;-8.47844005;51.89974733;13-07-2017 23:28:00;8;7
0;Grattan St.;-8.47977966;51.8984737;13-07-2017 23:28:00;4;5
0;Wandesford Quay;-8.48004;51.896492;13-07-2017 23:28:00;12;9
0;Bishop St.;-8.4790268;51.89468826;13-07-2017 23:28:00;8;6
0;Camden Quay;-8.473342;51.901054;13-07-2017 23:28:00;11;9
0;Corn Market St.;-8.477;51.9;13-07-2017 23:28:00;16;6
0;Lapp's Quay;-8.465735;51.898144;13-07-2017 23:28:00;5;23
0;St. Patricks St.;-8.47261531;51.89850471;13-07-2017 23:28:00;13;6
0;South Main St.;-8.47689553164735;51.89694605306899;13-07-2017 23:28:00;5;5
0;Grand Parade;-8.47536977381303;51.89748023175811;13-07-2017 23:28:00;3;13
0;Peace Park;-8.47347588279142;51.89619469926869;13-07-2017 23:28:00;12;6
0;South Gate Bridge;-8.47586514429047;51.89549439125871;13-07-2017 23:28:00;7;5
0;Coburg St.;-8.47056736;51.90155283;13-07-2017 23:28:00;16;12
0;Emmet Place;-8.47270466388061;51.90020812214529;13-07-2017 23:28:00;13;7
0;South Mall;-8.46989982762231;51.89683855516081;13-07-2017 23:28:00;9;19
0;College of Commerce;-8.469797;51.8953;13-07-2017 23:28:00;18;2
0;Father Mathew Statue;-8.4706278;51.89967344;13-07-2017 23:28:00;4;11
0;Cork School of Music;-8.46809252166047;51.89631707505499;13-07-2017 23:28:00;8;7
1;Brian Boru Bridge;-8.465153;51.900405;13-07-2017 23:28:00;0;0
0;Bus Station;-8.46695074;51.89951532;13-07-2017 23:28:00;10;10
0;Cork City Hall;-8.466;51.897;13-07-2017 23:28:00;5;8
0;Lower Glanmire Rd.;-8.46411816;51.90137057;13-07-2017 23:28:00;17;3
0;Clontarf Street;-8.46562933177544;51.89848186918711;13-07-2017 23:28:00;4;5
0;Kent Station;-8.45821512;51.90196195;13-07-2017 23:28:00;15;14
0;Gaol Walk;-8.494174;51.893604;13-07-2017 23:33:00;8;16
0;Fitzgerald's Park;-8.49341266;51.89555327;13-07-2017 23:33:00;8;4
0;Bandfield;-8.4891363;51.89580557;13-07-2017 23:33:00;9;23
0;Dyke Parade;-8.48458467;51.89718531;13-07-2017 23:33:00;7;3
0;Mercy Hospital;-8.48225676;51.89911495;13-07-2017 23:33:00;4;9
0;St. Fin Barre's Bridge;-8.48196155;51.89710212;13-07-2017 23:33:00;13;6
0;Pope's Quay;-8.477385;51.901632;13-07-2017 23:33:00;9;9
0;North Main St.;-8.47844005;51.89974733;13-07-2017 23:33:00;8;7
0;Grattan St.;-8.47977966;51.8984737;13-07-2017 23:33:00;4;5
0;Wandesford Quay;-8.48004;51.896492;13-07-2017 23:33:00;12;9
0;Bishop St.;-8.4790268;51.89468826;13-07-2017 23:33:00;8;6
0;Camden Quay;-8.473342;51.901054;13-07-2017 23:33:00;11;9
0;Corn Market St.;-8.477;51.9;13-07-2017 23:33:00;16;6
0;Lapp's Quay;-8.465735;51.898144;13-07-2017 23:33:00;5;23
0;St. Patricks St.;-8.47261531;51.89850471;13-07-2017 23:33:00;13;6
0;South Main St.;-8.47689553164735;51.89694605306899;13-07-2017 23:33:00;5;5
0;Grand Parade;-8.47536977381303;51.89748023175811;13-07-2017 23:33:00;3;13
0;Peace Park;-8.47347588279142;51.89619469926869;13-07-2017 23:33:00;12;6
0;South Gate Bridge;-8.47586514429047;51.89549439125871;13-07-2017 23:33:00;7;5
0;Coburg St.;-8.47056736;51.90155283;13-07-2017 23:33:00;16;12
0;Emmet Place;-8.47270466388061;51.90020812214529;13-07-2017 23:33:00;13;7
0;South Mall;-8.46989982762231;51.89683855516081;13-07-2017 23:33:00;9;19
0;College of Commerce;-8.469797;51.8953;13-07-2017 23:33:00;18;2
0;Father Mathew Statue;-8.4706278;51.89967344;13-07-2017 23:33:00;4;11
0;Cork School of Music;-8.46809252166047;51.89631707505499;13-07-2017 23:33:00;8;7
1;Brian Boru Bridge;-8.465153;51.900405;13-07-2017 23:33:00;0;0
0;Bus Station;-8.46695074;51.89951532;13-07-2017 23:33:00;9;11
0;Cork City Hall;-8.466;51.897;13-07-2017 23:33:00;5;8
0;Lower Glanmire Rd.;-8.46411816;51.90137057;13-07-2017 23:33:00;17;3
0;Clontarf Street;-8.46562933177544;51.89848186918711;13-07-2017 23:33:00;4;5
0;Kent Station;-8.45821512;51.90196195;13-07-2017 23:33:00;15;14
0;Gaol Walk;-8.494174;51.893604;13-07-2017 23:38:00;8;16
0;Fitzgerald's Park;-8.49341266;51.89555327;13-07-2017 23:38:00;8;4
0;Bandfield;-8.4891363;51.89580557;13-07-2017 23:38:00;9;23
0;Dyke Parade;-8.48458467;51.89718531;13-07-2017 23:38:00;7;3
0;Mercy Hospital;-8.48225676;51.89911495;13-07-2017 23:38:00;4;9
0;St. Fin Barre's Bridge;-8.48196155;51.89710212;13-07-2017 23:38:00;13;6
0;Pope's Quay;-8.477385;51.901632;13-07-2017 23:38:00;9;9
0;North Main St.;-8.47844005;51.89974733;13-07-2017 23:38:00;7;8
0;Grattan St.;-8.47977966;51.8984737;13-07-2017 23:38:00;4;5
0;Wandesford Quay;-8.48004;51.896492;13-07-2017 23:38:00;12;9
0;Bishop St.;-8.4790268;51.89468826;13-07-2017 23:38:00;8;6
0;Camden Quay;-8.473342;51.901054;13-07-2017 23:38:00;12;8
0;Corn Market St.;-8.477;51.9;13-07-2017 23:38:00;16;6
0;Lapp's Quay;-8.465735;51.898144;13-07-2017 23:38:00;5;23
0;St. Patricks St.;-8.47261531;51.89850471;13-07-2017 23:38:00;13;6
0;South Main St.;-8.47689553164735;51.89694605306899;13-07-2017 23:38:00;5;5
0;Grand Parade;-8.47536977381303;51.89748023175811;13-07-2017 23:38:00;3;13
0;Peace Park;-8.47347588279142;51.89619469926869;13-07-2017 23:38:00;12;6
0;South Gate Bridge;-8.47586514429047;51.89549439125871;13-07-2017 23:38:00;7;5
0;Coburg St.;-8.47056736;51.90155283;13-07-2017 23:38:00;16;12
0;Emmet Place;-8.47270466388061;51.90020812214529;13-07-2017 23:38:00;13;7
0;South Mall;-8.46989982762231;51.89683855516081;13-07-2017 23:38:00;9;19
0;College of Commerce;-8.469797;51.8953;13-07-2017 23:38:00;18;2
0;Father Mathew Statue;-8.4706278;51.89967344;13-07-2017 23:38:00;4;11
0;Cork School of Music;-8.46809252166047;51.89631707505499;13-07-2017 23:38:00;8;7
1;Brian Boru Bridge;-8.465153;51.900405;13-07-2017 23:38:00;0;0
0;Bus Station;-8.46695074;51.89951532;13-07-2017 23:38:00;9;11
0;Cork City Hall;-8.466;51.897;13-07-2017 23:38:00;5;8
0;Lower Glanmire Rd.;-8.46411816;51.90137057;13-07-2017 23:38:00;17;3
0;Clontarf Street;-8.46562933177544;51.89848186918711;13-07-2017 23:38:00;4;5
0;Kent Station;-8.45821512;51.90196195;13-07-2017 23:38:00;15;14
0;Gaol Walk;-8.494174;51.893604;13-07-2017 23:43:00;8;16
0;Fitzgerald's Park;-8.49341266;51.89555327;13-07-2017 23:43:00;8;4
0;Bandfield;-8.4891363;51.89580557;13-07-2017 23:43:00;9;23
0;Dyke Parade;-8.48458467;51.89718531;13-07-2017 23:43:00;7;3
0;Mercy Hospital;-8.48225676;51.89911495;13-07-2017 23:43:00;4;9
0;St. Fin Barre's Bridge;-8.48196155;51.89710212;13-07-2017 23:43:00;13;6
0;Pope's Quay;-8.477385;51.901632;13-07-2017 23:43:00;9;9
0;North Main St.;-8.47844005;51.89974733;13-07-2017 23:43:00;7;8
0;Grattan St.;-8.47977966;51.8984737;13-07-2017 23:43:00;4;5
0;Wandesford Quay;-8.48004;51.896492;13-07-2017 23:43:00;12;9
0;Bishop St.;-8.4790268;51.89468826;13-07-2017 23:43:00;8;6
0;Camden Quay;-8.473342;51.901054;13-07-2017 23:43:00;12;8
0;Corn Market St.;-8.477;51.9;13-07-2017 23:43:00;16;6
0;Lapp's Quay;-8.465735;51.898144;13-07-2017 23:43:00;5;23
0;St. Patricks St.;-8.47261531;51.89850471;13-07-2017 23:43:00;13;6
0;South Main St.;-8.47689553164735;51.89694605306899;13-07-2017 23:43:00;5;5
0;Grand Parade;-8.47536977381303;51.89748023175811;13-07-2017 23:43:00;3;13
0;Peace Park;-8.47347588279142;51.89619469926869;13-07-2017 23:43:00;12;6
0;South Gate Bridge;-8.47586514429047;51.89549439125871;13-07-2017 23:43:00;7;5
0;Coburg St.;-8.47056736;51.90155283;13-07-2017 23:43:00;16;12
0;Emmet Place;-8.47270466388061;51.90020812214529;13-07-2017 23:43:00;13;7
0;South Mall;-8.46989982762231;51.89683855516081;13-07-2017 23:43:00;9;19
0;College of Commerce;-8.469797;51.8953;13-07-2017 23:43:00;18;2
0;Father Mathew Statue;-8.4706278;51.89967344;13-07-2017 23:43:00;4;11
0;Cork School of Music;-8.46809252166047;51.89631707505499;13-07-2017 23:43:00;8;7
1;Brian Boru Bridge;-8.465153;51.900405;13-07-2017 23:43:00;0;0
0;Bus Station;-8.46695074;51.89951532;13-07-2017 23:43:00;9;11
0;Cork City Hall;-8.466;51.897;13-07-2017 23:43:00;5;8
0;Lower Glanmire Rd.;-8.46411816;51.90137057;13-07-2017 23:43:00;17;3
0;Clontarf Street;-8.46562933177544;51.89848186918711;13-07-2017 23:43:00;4;5
0;Kent Station;-8.45821512;51.90196195;13-07-2017 23:43:00;15;14
0;Gaol Walk;-8.494174;51.893604;13-07-2017 23:48:00;8;16
0;Fitzgerald's Park;-8.49341266;51.89555327;13-07-2017 23:48:00;8;4
0;Bandfield;-8.4891363;51.89580557;13-07-2017 23:48:00;9;23
0;Dyke Parade;-8.48458467;51.89718531;13-07-2017 23:48:00;7;3
0;Mercy Hospital;-8.48225676;51.89911495;13-07-2017 23:48:00;4;9
0;St. Fin Barre's Bridge;-8.48196155;51.89710212;13-07-2017 23:48:00;13;6
0;Pope's Quay;-8.477385;51.901632;13-07-2017 23:48:00;10;8
0;North Main St.;-8.47844005;51.89974733;13-07-2017 23:48:00;7;8
0;Grattan St.;-8.47977966;51.8984737;13-07-2017 23:48:00;4;5
0;Wandesford Quay;-8.48004;51.896492;13-07-2017 23:48:00;12;9
0;Bishop St.;-8.4790268;51.89468826;13-07-2017 23:48:00;8;6
0;Camden Quay;-8.473342;51.901054;13-07-2017 23:48:00;12;8
0;Corn Market St.;-8.477;51.9;13-07-2017 23:48:00;16;6
0;Lapp's Quay;-8.465735;51.898144;13-07-2017 23:48:00;5;23
0;St. Patricks St.;-8.47261531;51.89850471;13-07-2017 23:48:00;13;6
0;South Main St.;-8.47689553164735;51.89694605306899;13-07-2017 23:48:00;5;5
0;Grand Parade;-8.47536977381303;51.89748023175811;13-07-2017 23:48:00;3;13
0;Peace Park;-8.47347588279142;51.89619469926869;13-07-2017 23:48:00;12;6
0;South Gate Bridge;-8.47586514429047;51.89549439125871;13-07-2017 23:48:00;7;5
0;Coburg St.;-8.47056736;51.90155283;13-07-2017 23:48:00;16;12
0;Emmet Place;-8.47270466388061;51.90020812214529;13-07-2017 23:48:00;13;7
0;South Mall;-8.46989982762231;51.89683855516081;13-07-2017 23:48:00;8;20
0;College of Commerce;-8.469797;51.8953;13-07-2017 23:48:00;18;2
0;Father Mathew Statue;-8.4706278;51.89967344;13-07-2017 23:48:00;4;11
0;Cork School of Music;-8.46809252166047;51.89631707505499;13-07-2017 23:48:00;8;7
1;Brian Boru Bridge;-8.465153;51.900405;13-07-2017 23:48:00;0;0
0;Bus Station;-8.46695074;51.89951532;13-07-2017 23:48:00;9;11
0;Cork City Hall;-8.466;51.897;13-07-2017 23:48:00;5;8
0;Lower Glanmire Rd.;-8.46411816;51.90137057;13-07-2017 23:48:00;17;3
0;Clontarf Street;-8.46562933177544;51.89848186918711;13-07-2017 23:48:00;4;5
0;Kent Station;-8.45821512;51.90196195;13-07-2017 23:48:00;15;14
0;Gaol Walk;-8.494174;51.893604;13-07-2017 23:53:00;8;16
0;Fitzgerald's Park;-8.49341266;51.89555327;13-07-2017 23:53:00;8;4
0;Bandfield;-8.4891363;51.89580557;13-07-2017 23:53:00;9;23
0;Dyke Parade;-8.48458467;51.89718531;13-07-2017 23:53:00;7;3
0;Mercy Hospital;-8.48225676;51.89911495;13-07-2017 23:53:00;4;9
0;St. Fin Barre's Bridge;-8.48196155;51.89710212;13-07-2017 23:53:00;13;6
0;Pope's Quay;-8.477385;51.901632;13-07-2017 23:53:00;10;8
0;North Main St.;-8.47844005;51.89974733;13-07-2017 23:53:00;7;8
0;Grattan St.;-8.47977966;51.8984737;13-07-2017 23:53:00;4;5
0;Wandesford Quay;-8.48004;51.896492;13-07-2017 23:53:00;12;9
0;Bishop St.;-8.4790268;51.89468826;13-07-2017 23:53:00;7;7
0;Camden Quay;-8.473342;51.901054;13-07-2017 23:53:00;12;8
0;Corn Market St.;-8.477;51.9;13-07-2017 23:53:00;16;6
0;Lapp's Quay;-8.465735;51.898144;13-07-2017 23:53:00;5;23
0;St. Patricks St.;-8.47261531;51.89850471;13-07-2017 23:53:00;13;6
0;South Main St.;-8.47689553164735;51.89694605306899;13-07-2017 23:53:00;5;5
0;Grand Parade;-8.47536977381303;51.89748023175811;13-07-2017 23:53:00;3;13
0;Peace Park;-8.47347588279142;51.89619469926869;13-07-2017 23:53:00;11;7
0;South Gate Bridge;-8.47586514429047;51.89549439125871;13-07-2017 23:53:00;7;5
0;Coburg St.;-8.47056736;51.90155283;13-07-2017 23:53:00;17;11
0;Emmet Place;-8.47270466388061;51.90020812214529;13-07-2017 23:53:00;13;7
0;South Mall;-8.46989982762231;51.89683855516081;13-07-2017 23:53:00;8;20
0;College of Commerce;-8.469797;51.8953;13-07-2017 23:53:00;18;2
0;Father Mathew Statue;-8.4706278;51.89967344;13-07-2017 23:53:00;4;11
0;Cork School of Music;-8.46809252166047;51.89631707505499;13-07-2017 23:53:00;8;7
1;Brian Boru Bridge;-8.465153;51.900405;13-07-2017 23:53:00;0;0
0;Bus Station;-8.46695074;51.89951532;13-07-2017 23:53:00;9;11
0;Cork City Hall;-8.466;51.897;13-07-2017 23:53:00;5;8
0;Lower Glanmire Rd.;-8.46411816;51.90137057;13-07-2017 23:53:00;17;3
0;Clontarf Street;-8.46562933177544;51.89848186918711;13-07-2017 23:53:00;4;5
0;Kent Station;-8.45821512;51.90196195;13-07-2017 23:53:00;15;14
0;Gaol Walk;-8.494174;51.893604;13-07-2017 23:58:00;8;16
0;Fitzgerald's Park;-8.49341266;51.89555327;13-07-2017 23:58:00;8;4
0;Bandfield;-8.4891363;51.89580557;13-07-2017 23:58:00;9;23
0;Dyke Parade;-8.48458467;51.89718531;13-07-2017 23:58:00;7;3
0;Mercy Hospital;-8.48225676;51.89911495;13-07-2017 23:58:00;4;9
0;St. Fin Barre's Bridge;-8.48196155;51.89710212;13-07-2017 23:58:00;13;6
0;Pope's Quay;-8.477385;51.901632;13-07-2017 23:58:00;9;9
0;North Main St.;-8.47844005;51.89974733;13-07-2017 23:58:00;9;6
0;Grattan St.;-8.47977966;51.8984737;13-07-2017 23:58:00;4;5
0;Wandesford Quay;-8.48004;51.896492;13-07-2017 23:58:00;12;9
0;Bishop St.;-8.4790268;51.89468826;13-07-2017 23:58:00;7;7
0;Camden Quay;-8.473342;51.901054;13-07-2017 23:58:00;12;8
0;Corn Market St.;-8.477;51.9;13-07-2017 23:58:00;16;6
0;Lapp's Quay;-8.465735;51.898144;13-07-2017 23:58:00;5;23
0;St. Patricks St.;-8.47261531;51.89850471;13-07-2017 23:58:00;13;6
0;South Main St.;-8.47689553164735;51.89694605306899;13-07-2017 23:58:00;5;5
0;Grand Parade;-8.47536977381303;51.89748023175811;13-07-2017 23:58:00;3;13
0;Peace Park;-8.47347588279142;51.89619469926869;13-07-2017 23:58:00;11;7
0;South Gate Bridge;-8.47586514429047;51.89549439125871;13-07-2017 23:58:00;7;5
0;Coburg St.;-8.47056736;51.90155283;13-07-2017 23:58:00;17;11
0;Emmet Place;-8.47270466388061;51.90020812214529;13-07-2017 23:58:00;13;7
0;South Mall;-8.46989982762231;51.89683855516081;13-07-2017 23:58:00;8;20
0;College of Commerce;-8.469797;51.8953;13-07-2017 23:58:00;18;2
0;Father Mathew Statue;-8.4706278;51.89967344;13-07-2017 23:58:00;4;11
0;Cork School of Music;-8.46809252166047;51.89631707505499;13-07-2017 23:58:00;8;7
1;Brian Boru Bridge;-8.465153;51.900405;13-07-2017 23:58:00;0;0
0;Bus Station;-8.46695074;51.89951532;13-07-2017 23:58:00;9;11
0;Cork City Hall;-8.466;51.897;13-07-2017 23:58:00;4;9
0;Lower Glanmire Rd.;-8.46411816;51.90137057;13-07-2017 23:58:00;17;3
0;Clontarf Street;-8.46562933177544;51.89848186918711;13-07-2017 23:58:00;4;5
0;Kent Station;-8.45821512;51.90196195;13-07-2017 23:58:00;15;14
